Step, Memory, Heap, Allocated, Reclaimed, Live, Mutator, Collector
0, 10616832, 661224, 7740584, 7079360, 661028, 82368140, 17580407
1, 12648448, 1320488, 16201416, 14880928, 1320292, 91932504, 35128799
2, 13238272, 1840488, 24044712, 22204224, 1840292, 87605390, 49045969
3, 16515072, 2639016, 33843080, 31204064, 2638820, 105819228, 70225613
4, 16515072, 3159016, 41842088, 38683072, 3158820, 90202062, 84141883
5, 17432576, 3679016, 50249672, 46570656, 3678820, 94568718, 98059803
6, 20905984, 4502568, 60749288, 56246720, 4502372, 113660350, 119892029
7, 21823488, 5276072, 70566408, 65290336, 5275876, 107537566, 140417171
8, 21823488, 5796072, 78867560, 73071488, 5795876, 94363726, 154334251
9, 22740992, 6316072, 87284424, 80968352, 6315876, 95600398, 168252171
10, 24051712, 6836072, 95967016, 89130944, 6835876, 98440366, 182169851
11, 25231360, 7356072, 104819592, 97463520, 7355876, 100257070, 196087291
12, 26411008, 7876072, 113822184, 105946112, 7875876, 101860366, 210004791
13, 31784960, 9003176, 126538824, 117535648, 9002980, 135020334, 239751323
14, 33161216, 10030184, 138490472, 128460288, 10029988, 128254766, 266884617
15, 33161216, 10550184, 146893064, 136342880, 10549988, 96380366, 280801487
16, 33161216, 11070184, 155492776, 144422592, 11069988, 98487086, 294718987
17, 33619968, 11590184, 164215368, 152625184, 11589988, 99800366, 308636697
18, 34603008, 12110184, 172937960, 160827776, 12109988, 99800366, 322554437
19, 35782656, 12630184, 181769096, 169138912, 12629988, 100960430, 336472027
20, 45088768, 12630184, 199371812, 186741628, 12629988, 812266720, 336475747
21, 45088768, 12630184, 216974440, 204344256, 12629988, 812266186, 336471487
22, 45088768, 12630184, 234577068, 221946884, 12629988, 812266186, 336471487
23, 45088768, 12630184, 252179696, 239549512, 12629988, 812266186, 336471487
24, 45088768, 12630184, 269782324, 257152140, 12629988, 812266186, 336471487
25, 45088768, 12110184, 278293556, 266183372, 12629988, 100570950, 322553987
26, 45088768, 11590184, 286696152, 275105968, 12629988, 99410352, 308636487
27, 45088768, 11070184, 295098748, 284028564, 12629988, 99410352, 294718987
28, 45088768, 10550184, 303378464, 292828280, 12629988, 98097072, 280801487
29, 45088768, 10030184, 311461060, 301430876, 12629988, 95990352, 266883987
30, 45088768, 9510184, 319543656, 310033472, 12629988, 95990352, 252966487
31, 45088768, 8990184, 327591948, 318601764, 12629988, 95623728, 239048987
32, 45088768, 8470184, 335354544, 326884360, 12629988, 92570352, 225131487
33, 45088768, 7950184, 343117140, 335166956, 12629988, 92570352, 211213987
34, 45088768, 7430184, 350879736, 343449552, 12629988, 92570352, 197296487
35, 45088768, 7430184, 359682456, 352252272, 12629988, 386155840, 197296487
36, 45088768, 7430184, 368485084, 361054900, 12629988, 386155306, 197296487
37, 45088768, 7430184, 377287712, 369857528, 12629988, 386155306, 197296487
38, 45088768, 7430184, 386090340, 378660156, 12629988, 386155306, 197296487
39, 45088768, 7430184, 394892968, 387462784, 12629988, 386155306, 197296487
40, 45088768, 7950184, 402975656, 395025472, 12629988, 92960900, 211213987
41, 45088768, 8470184, 411058252, 402588068, 12629988, 92960366, 225131487
42, 45088768, 8990184, 419140848, 410150664, 12629988, 92960366, 239048987
43, 45088768, 9510184, 427509140, 417998956, 12629988, 96013742, 252966487
44, 45088768, 10030184, 435911736, 425881552, 12629988, 96380366, 266883987
45, 45088768, 10550184, 444314332, 433764148, 12629988, 96380366, 280801487
46, 45088768, 11070184, 452914048, 441843864, 12629988, 98487086, 294718987
47, 45088768, 11590184, 461636644, 450046460, 12629988, 99800366, 308636487
48, 45088768, 12110184, 470359240, 458249056, 12629988, 99800366, 322553987
49, 45088768, 12630184, 479190380, 466560196, 12629988, 100960430, 336471487
50, 166920192, 2230184, 629041448, 626811264, 12629988, 1783351905, 58122507
51, 166920192, 2750184, 636164316, 633414132, 12629988, 82700900, 72038987
52, 166920192, 3270184, 643286912, 640016728, 12629988, 82700366, 85956487
53, 166920192, 3790184, 650409508, 646619324, 12629988, 82700366, 99873987
54, 166920192, 4310184, 657763528, 653453344, 12629988, 85173710, 113791487
55, 166920192, 4830184, 665206124, 660375940, 12629988, 86120366, 127708987
56, 166920192, 5350184, 672648720, 667298536, 12629988, 86120366, 141626487
57, 166920192, 5870184, 680234164, 674363980, 12629988, 87647054, 155543987
58, 166920192, 6390184, 687996760, 681606576, 12629988, 89540366, 169461487
59, 166920192, 6910184, 695759356, 688849172, 12629988, 89540366, 183378987
60, 166920192, 7430184, 703576224, 696146040, 12629988, 90120398, 197296487
61, 166920192, 7950184, 711658820, 703708636, 12629988, 92960366, 211213987
62, 166920192, 8470184, 719741416, 711271232, 12629988, 92960366, 225131487
63, 166920192, 8990184, 727824012, 718833828, 12629988, 92960366, 239048987
64, 166920192, 9510184, 736192304, 726682120, 12629988, 96013742, 252966487
65, 166920192, 10030184, 744594900, 734564716, 12629988, 96380366, 266883987
66, 166920192, 10550184, 752997496, 742447312, 12629988, 96380366, 280801487
67, 166920192, 11070184, 761597212, 750527028, 12629988, 98487086, 294718987
68, 166920192, 11590184, 770319808, 758729624, 12629988, 99800366, 308636487
69, 166920192, 12110184, 779042404, 766932220, 12629988, 99800366, 322553987
70, 166920192, 12630184, 787873544, 775243360, 12629988, 100960430, 336471487
71, 166920192, 12630184, 805476264, 792846080, 12629988, 812266720, 336471487
72, 166920192, 12630184, 823078892, 810448708, 12629988, 812266186, 336471487
73, 166920192, 12630184, 840681520, 828051336, 12629988, 812266186, 336471487
74, 166920192, 12630184, 858284148, 845653964, 12629988, 812266186, 336471487
75, 166920192, 12630184, 875886776, 863256592, 12629988, 812266186, 336471487

