Step, Memory, Heap, Allocated, Reclaimed, Live, Mutator, Collector
0, 2228224, 14632, 14632, 0, 0, 20787, 334
1, 2228224, 30592, 30592, 0, 0, 245820, 334
2, 2228224, 32064, 32064, 0, 0, 22784, 334
3, 2228224, 47696, 47696, 0, 0, 393672, 334
4, 7471104, 5291708, 5291708, 0, 0, 154157021, 334
5, 7536640, 5300104, 5300104, 0, 0, 201368, 334
6, 13107200, 8405240, 10552280, 2147040, 8396824, 154157021, 159029921
7, 13107200, 8413716, 10560756, 2147040, 8396824, 202771, 334
8, 15859712, 13657696, 15804736, 2147040, 8396824, 154156740, 334
9, 15859712, 13666020, 15813060, 2147040, 8396824, 201754, 334
10, 21430272, 16794740, 21065240, 4270500, 16786324, 154157106, 158738204
11, 21430272, 16803136, 21073636, 4270500, 16786324, 202817, 334
12, 24248320, 22047116, 26317616, 4270500, 16786324, 154156740, 334
13, 24248320, 22055520, 26326020, 4270500, 16786324, 203084, 334
14, 29818880, 25184208, 31578200, 6393992, 25175792, 154157106, 158737246
15, 29818880, 25192676, 31586668, 6393992, 25175792, 203980, 334
16, 32636928, 30436656, 36830648, 6393992, 25175792, 154156740, 334
17, 32636928, 30444980, 36838972, 6393992, 25175792, 203020, 334
18, 38207488, 33573708, 42091152, 8517444, 33565292, 154157106, 158737981
19, 38207488, 33590232, 42107676, 8517444, 33573932, 203488, 334
20, 41025536, 38834212, 47351656, 8517444, 33573932, 154156740, 334
21, 41025536, 38842992, 47360436, 8517444, 33573932, 207612, 334
22, 46596096, 41972088, 52612616, 10640528, 41963672, 154157106, 158749525
23, 46596096, 41980616, 52621144, 10640528, 41963672, 204479, 334
24, 49414144, 47224596, 57865124, 10640528, 41963672, 154156740, 334
25, 49414144, 47233056, 57873584, 10640528, 41963672, 204270, 334
26, 54984704, 50361636, 63125764, 12764128, 50353220, 154157106, 158740148
27, 54984704, 50370176, 63134304, 12764128, 50353220, 205143, 334
28, 57802752, 55614156, 68378284, 12764128, 50353220, 154156740, 334
29, 57802752, 55622760, 68386888, 12764128, 50353220, 205574, 334
30, 63373312, 58751228, 73639068, 14887840, 58742812, 154157106, 158741955
31, 63373312, 58759904, 73647744, 14887840, 58742812, 206376, 334
32, 66191360, 64003884, 78891724, 14887840, 58742812, 154156740, 334
33, 66191360, 64012632, 78900472, 14887840, 58742812, 206936, 334
34, 71761920, 67140900, 84152652, 17011752, 67132484, 154157106, 158744756
35, 71761920, 67149728, 84161480, 17011752, 67132484, 207865, 334
36, 71761920, 67150844, 84162596, 17011752, 67132484, 16927, 334
37, 71761920, 67167540, 84179292, 17011752, 67132484, 256745, 334
38, 71761920, 67169020, 84180772, 17011752, 67132484, 22869, 334
39, 71761920, 67185436, 84197188, 17011752, 67132484, 401185, 334
40, 74645504, 72429456, 89441208, 17011752, 67132484, 154156740, 334
41, 74645504, 72438872, 89450624, 17011752, 67132484, 212162, 334
42, 80216064, 75533348, 94702804, 19169456, 75524932, 154157106, 158864259
43, 80216064, 75551036, 94720492, 19169456, 75533572, 213201, 334
44, 83034112, 80795016, 99964472, 19169456, 75533572, 154157165, 334
45, 83034112, 80803876, 99973332, 19169456, 75533572, 206532, 334
46, 88604672, 83932264, 105225512, 21293248, 83923848, 154157106, 158769570
47, 88604672, 83941204, 105234452, 21293248, 83923848, 207733, 334
48, 91422720, 89185184, 110478432, 21293248, 83923848, 154156740, 334
49, 91422720, 89194196, 110487444, 21293248, 83923848, 208479, 334
50, 96993280, 92322112, 115739624, 23417512, 92313696, 154157106, 158751327
51, 96993280, 92331052, 115748564, 23417512, 92313696, 208099, 334
52, 99811328, 97575032, 120992544, 23417512, 92313696, 154156740, 334
53, 99811328, 97583540, 121001052, 23417512, 92313696, 204392, 334
54, 105381888, 100711960, 126253232, 25541272, 100703544, 154157106, 158751189
55, 105381888, 100720540, 126261812, 25541272, 100703544, 205452, 334
56, 108199936, 105964520, 131505792, 25541272, 100703544, 154156740, 334
57, 108199936, 105973100, 131514372, 25541272, 100703544, 205774, 334
58, 113770496, 109101608, 136766552, 27664944, 109093192, 154157106, 158744049
59, 113770496, 109110252, 136775196, 27664944, 109093192, 206144, 334
60, 116588544, 114354232, 142019176, 27664944, 109093192, 154156740, 334
61, 116588544, 114362960, 142027904, 27664944, 109093192, 207000, 334
62, 122159104, 117491232, 147280084, 29788852, 117482816, 154157106, 158742854
63, 122159104, 117499824, 147288676, 29788852, 117482816, 205882, 334
64, 124977152, 122743804, 152532656, 29788852, 117482816, 154156740, 334
65, 124977152, 122752468, 152541320, 29788852, 117482816, 206185, 334
66, 130547712, 125880904, 157793500, 31912596, 125872488, 154157106, 158744823
67, 130547712, 125889952, 157802548, 31912596, 125872488, 210685, 334
68, 133365760, 131133932, 163046528, 31912596, 125872488, 154156740, 334
69, 133365760, 131143052, 163055648, 31912596, 125872488, 210890, 334
70, 138936320, 134271264, 168307828, 34036564, 134262848, 154157106, 158775657
71, 138936320, 134280072, 168316636, 34036564, 134262848, 207525, 334
72, 138936320, 134281188, 168317752, 34036564, 134262848, 16927, 334
73, 138936320, 134297596, 168334160, 34036564, 134262848, 257031, 334
74, 138936320, 134299076, 168335640, 34036564, 134262848, 22869, 334
75, 138936320, 134315156, 168351720, 34036564, 134262848, 400358, 334
76, 141754368, 139559176, 173595740, 34036564, 134262848, 154156740, 334
77, 141754368, 139568088, 173604652, 34036564, 134262848, 207465, 334
78, 147324928, 142663384, 178856832, 36193448, 142654968, 154157106, 158848768
79, 147324928, 142672180, 178865628, 36193448, 142654968, 207531, 334
80, 150142976, 147916160, 184109608, 36193448, 142654968, 154156740, 334
81, 150142976, 147925020, 184118468, 36193448, 142654968, 207642, 334
82, 155713536, 151053144, 189370648, 38317504, 151044728, 154157106, 158747913
83, 155713536, 151061840, 189379344, 38317504, 151044728, 206195, 334
84, 158531584, 156305820, 194623324, 38317504, 151044728, 154156740, 334
85, 158531584, 156314596, 194632100, 38317504, 151044728, 206563, 334
86, 164102144, 159442904, 199884280, 40441376, 159434488, 154157106, 158748187
87, 166658048, 159460284, 199901660, 40441376, 159443128, 211183, 334
88, 166920192, 164704264, 205145640, 40441376, 159443128, 154156740, 334
89, 166920192, 164713516, 205154892, 40441376, 159443128, 211427, 334
90, 172490752, 167841988, 210407072, 42565084, 167833572, 154157106, 158778626
91, 172490752, 167850756, 210415840, 42565084, 167833572, 206947, 334
92, 175308800, 173094736, 215659820, 42565084, 167833572, 154156740, 334
93, 175308800, 173103576, 215668660, 42565084, 167833572, 207451, 334
94, 180879360, 176231780, 220920840, 44689060, 176223364, 154157106, 158749072
95, 180879360, 176240700, 220929760, 44689060, 176223364, 208099, 334
96, 183697408, 181484680, 226173740, 44689060, 176223364, 154156740, 334
97, 183697408, 181493684, 226182744, 44689060, 176223364, 208918, 334
98, 189267968, 184621568, 231434924, 46813356, 184613152, 154157106, 158748744
99, 189267968, 184630428, 231443784, 46813356, 184613152, 208024, 334
100, 192086016, 189874408, 236687764, 46813356, 184613152, 154156740, 334
101, 192086016, 189883188, 236696544, 46813356, 184613152, 207214, 334
102, 197656576, 193011424, 241948724, 48937300, 193003008, 154157106, 158751677
103, 197656576, 193020060, 241957360, 48937300, 193003008, 206402, 334
104, 200474624, 198264040, 247201340, 48937300, 193003008, 154156740, 334
105, 200474624, 198272748, 247210048, 48937300, 193003008, 206343, 334
106, 206045184, 201401160, 252462228, 51061068, 201392744, 154157106, 158747268
107, 206045184, 201409876, 252470944, 51061068, 201392744, 206851, 334
108, 206045184, 201410992, 252472060, 51061068, 201392744, 16927, 334
109, 206045184, 201427472, 252488540, 51061068, 201392744, 259981, 334
110, 206045184, 201428952, 252490020, 51061068, 201392744, 22869, 334
111, 206045184, 201445104, 252506172, 51061068, 201392744, 402442, 334
112, 208863232, 206689124, 257750192, 51061068, 201392744, 154156740, 334
113, 208928768, 206698044, 257759112, 51061068, 201392744, 207797, 334
114, 214499328, 209793284, 263011292, 53218008, 209784868, 154157106, 158849272
115, 214499328, 209802268, 263020276, 53218008, 209784868, 208434, 334
116, 217251840, 215046248, 268264256, 53218008, 209784868, 154156740, 334
117, 217251840, 215055016, 268273024, 53218008, 209784868, 206751, 334
118, 222822400, 218183196, 273525204, 55342008, 218174780, 154157106, 158753330
119, 222822400, 218192036, 273534044, 55342008, 218174780, 207495, 334
120, 225640448, 223436020, 278778028, 55342008, 218174780, 154156740, 334
121, 225640448, 223444868, 278786876, 55342008, 218174780, 207436, 334
122, 231211008, 226573036, 284039060, 57466024, 226564620, 154157106, 158750757
123, 231211008, 226581956, 284047980, 57466024, 226564620, 208179, 334
124, 234029056, 231825940, 289291964, 57466024, 226564620, 154156740, 334
125, 234029056, 231834924, 289300948, 57466024, 226564620, 208611, 334
126, 239599616, 234962908, 294553132, 59590224, 234954492, 154157106, 158752067
127, 239599616, 234971820, 294562044, 59590224, 234954492, 208759, 334
128, 242417664, 240215804, 299806028, 59590224, 234954492, 154156740, 334
129, 242417664, 240225108, 299815332, 59590224, 234954492, 212474, 334
130, 247988224, 243353112, 305067516, 61714404, 243344696, 154157106, 158767080
131, 247988224, 243362104, 305076508, 61714404, 243344696, 209283, 334
132, 250806272, 248606088, 310320492, 61714404, 243344696, 154156740, 334
133, 250806272, 248615548, 310329952, 61714404, 243344696, 213626, 334
134, 256376832, 251743232, 315582136, 63838904, 251734816, 154157106, 158763311
135, 256376832, 251752228, 315591132, 63838904, 251734816, 209595, 334
136, 259194880, 256996212, 320835116, 63838904, 251734816, 154156740, 334
137, 259194880, 257005288, 320844192, 63838904, 251734816, 209946, 334
138, 264765440, 260133176, 326096376, 65963200, 260124760, 154157106, 158755129
139, 264765440, 260142324, 326105524, 65963200, 260124760, 210385, 334
140, 267583488, 265386308, 331349508, 65963200, 260124760, 154156740, 334
141, 267583488, 265395304, 331358504, 65963200, 260124760, 209002, 334
142, 273154048, 268523192, 336610688, 68087496, 268514776, 154157106, 158757503
143, 273154048, 268532272, 336619768, 68087496, 268514776, 210254, 334
144, 273154048, 268533392, 336620888, 68087496, 268514776, 16927, 334
145, 273154048, 268550156, 336637652, 68087496, 268514776, 264214, 334
146, 273154048, 268551640, 336639136, 68087496, 268514776, 22869, 334
147, 273154048, 268568004, 336655500, 68087496, 268514776, 405237, 334
148, 276037632, 273812028, 341899524, 68087496, 268514776, 154156740, 334
149, 276037632, 273821604, 341909100, 68087496, 268514776, 214059, 334
150, 281608192, 276915836, 347161284, 70245448, 276907420, 154157106, 158870947
151, 281608192, 276925776, 347171224, 70245448, 276907420, 217933, 334
152, 284360704, 282169760, 352415208, 70245448, 276907420, 154156740, 334
153, 284360704, 282179772, 352425220, 70245448, 276907420, 218274, 334
154, 289931264, 285306588, 357677404, 72370816, 285298172, 154157106, 158789410
155, 289931264, 285315936, 357686752, 72370816, 285298172, 211592, 334
156, 292749312, 290559920, 362930736, 72370816, 285298172, 154156740, 334
157, 292749312, 290569276, 362940092, 72370816, 285298172, 211560, 334
158, 298319872, 293696708, 368192276, 74495568, 293688292, 154157106, 158761261
159, 298319872, 293706512, 368202080, 74495568, 293688292, 216089, 334
160, 301137920, 298950496, 373446064, 74495568, 293688292, 154156740, 334
161, 301137920, 298960156, 373455724, 74495568, 293688292, 215041, 334
162, 306708480, 302087508, 378707908, 76620400, 302079092, 154157106, 158791170
163, 306708480, 302096052, 378716452, 76620400, 302079092, 204860, 334
164, 309526528, 307340036, 383960436, 76620400, 302079092, 154156740, 334
165, 309526528, 307348652, 383969052, 76620400, 302079092, 204649, 334
166, 315097088, 310477220, 389221236, 78744016, 310468804, 154157106, 158746561
167, 315097088, 310485908, 389229924, 78744016, 310468804, 205135, 334
168, 317915136, 315729892, 394473908, 78744016, 310468804, 154156740, 334
169, 317915136, 315738716, 394482732, 78744016, 310468804, 207562, 334
170, 323485696, 318866952, 399734916, 80867964, 318858536, 154157106, 158747366
171, 323485696, 318875840, 399743804, 80867964, 318858536, 208267, 334
172, 326303744, 324119824, 404987788, 80867964, 318858536, 154156740, 334
173, 326303744, 324129128, 404997092, 80867964, 318858536, 213699, 334
174, 331939840, 327257200, 410249276, 82992076, 327248784, 154157590, 158768414
175, 339673088, 327274432, 410266508, 82992076, 327257428, 210879, 334
176, 339673088, 332518416, 415510492, 82992076, 327257428, 154156374, 334
177, 339673088, 332527180, 415519256, 82992076, 327257428, 207529, 334
178, 340328448, 335655968, 420771440, 85115472, 335647552, 154156740, 158764522
179, 340328448, 335664660, 420780132, 85115472, 335647552, 206952, 334
180, 340328448, 335665780, 420781252, 85115472, 335647552, 16927, 334
181, 340328448, 335682120, 420797592, 85115472, 335647552, 263534, 334
182, 340328448, 335683604, 420799076, 85115472, 335647552, 22869, 334
183, 340328448, 335699624, 420815096, 85115472, 335647552, 404190, 334
184, 343146496, 340943648, 426059120, 85115472, 335647552, 154156740, 334
185, 343146496, 340952452, 426067924, 85115472, 335647552, 207093, 334
186, 348717056, 344048160, 431320108, 87271948, 344039744, 154157106, 158851693
187, 348717056, 344057036, 431328984, 87271948, 344039744, 207894, 334
188, 351535104, 349301020, 436572968, 87271948, 344039744, 154156740, 334
189, 351535104, 349309968, 436581916, 87271948, 344039744, 208173, 334
190, 357105664, 352438096, 441834100, 89396004, 352429680, 154157106, 158754512
191, 357105664, 352447448, 441843452, 89396004, 352429680, 212794, 334
192, 359923712, 357691432, 447087436, 89396004, 352429680, 154156740, 334
193, 359923712, 357700480, 447096484, 89396004, 352429680, 209397, 334
194, 365494272, 360828372, 452348668, 91520296, 360819956, 154157106, 158769614
195, 365494272, 360837492, 452357788, 91520296, 360819956, 209635, 334
196, 368312320, 366081476, 457601772, 91520296, 360819956, 154156740, 334
197, 368312320, 366090660, 457610956, 91520296, 360819956, 209324, 334
198, 373882880, 369218396, 462863140, 93644744, 369209980, 154157106, 158757719
199, 373882880, 369227300, 462872044, 93644744, 369209980, 207398, 334
200, 376700928, 374471284, 468116028, 93644744, 369209980, 154156740, 334
201, 376700928, 374480260, 468125004, 93644744, 369209980, 207303, 334
202, 382271488, 377608308, 473377188, 95768880, 377599892, 154157106, 158753809
203, 382271488, 377617356, 473386236, 95768880, 377599892, 207777, 334
204, 385089536, 382861340, 478630220, 95768880, 377599892, 154156740, 334
205, 385089536, 382870380, 478639260, 95768880, 377599892, 209480, 334
206, 390660096, 385998240, 483891444, 97893204, 385989824, 154157106, 158754578
207, 390660096, 386007344, 483900548, 97893204, 385989824, 209811, 334
208, 393478144, 391251328, 489144532, 97893204, 385989824, 154156740, 334
209, 393478144, 391260512, 489153716, 97893204, 385989824, 209977, 334
210, 399048704, 394388328, 494405900, 100017572, 394379912, 154157106, 158760539
211, 399048704, 394397700, 494415272, 100017572, 394379912, 213635, 334
212, 401866752, 399641684, 499659256, 100017572, 394379912, 154156740, 334
213, 401866752, 399650376, 499667948, 100017572, 394379912, 207023, 334
214, 407437312, 402778620, 504920132, 102141512, 402770204, 154157106, 158770342
215, 407437312, 402787392, 504928904, 102141512, 402770204, 207307, 334
216, 407437312, 402788512, 504930024, 102141512, 402770204, 16927, 334
217, 407437312, 402804988, 504946500, 102141512, 402770204, 266650, 334
218, 407437312, 402806472, 504947984, 102141512, 402770204, 22869, 334
219, 407437312, 402822684, 504964196, 102141512, 402770204, 406440, 334
220, 410255360, 408066708, 510208220, 102141512, 402770204, 154156740, 334
221, 410255360, 408075736, 510217248, 102141512, 402770204, 208804, 334
222, 415825920, 411170876, 515469432, 104298556, 411162460, 154157106, 158854643
223, 415825920, 411179680, 515478236, 104298556, 411162460, 207720, 334
224, 418643968, 416423664, 520722220, 104298556, 411162460, 154156740, 334
225, 418643968, 416432540, 520731096, 104298556, 411162460, 207982, 334
226, 424214528, 419560772, 525983280, 106422508, 419552356, 154157106, 158752942
227, 424214528, 419569728, 525992236, 106422508, 419552356, 208874, 334
228, 427032576, 424813712, 531236220, 106422508, 419552356, 154156740, 334
229, 427032576, 424822688, 531245196, 106422508, 419552356, 208813, 334
230, 432603136, 427950720, 536497380, 108546660, 427942304, 154157106, 158755158
231, 432603136, 427959768, 536506428, 108546660, 427942304, 209087, 334
232, 435421184, 433203752, 541750412, 108546660, 427942304, 154156740, 334
233, 435421184, 433212648, 541759308, 108546660, 427942304, 207129, 334
234, 440991744, 436340704, 547011492, 110670788, 436332288, 154157106, 158756197
235, 440991744, 436349680, 547020468, 110670788, 436332288, 207721, 334
236, 443809792, 441593664, 552264452, 110670788, 436332288, 154156740, 334
237, 443809792, 441602704, 552273492, 110670788, 436332288, 207691, 334
238, 449380352, 444730648, 557525676, 112795028, 444722232, 154157106, 158754719
239, 449380352, 444739768, 557534796, 112795028, 444722232, 208259, 334
240, 452198400, 449983752, 562778780, 112795028, 444722232, 154156740, 334
241, 452198400, 449992360, 562787388, 112795028, 444722232, 206253, 334
242, 457768960, 453120620, 568039572, 114918952, 453112204, 154157106, 158755850
243, 457768960, 453129300, 568048252, 114918952, 453112204, 206751, 334
244, 460587008, 458373284, 573292236, 114918952, 453112204, 154156740, 334
245, 460587008, 458382036, 573300988, 114918952, 453112204, 206553, 334
246, 466157568, 461510468, 578553172, 117042704, 461502052, 154157106, 158751793
247, 466157568, 461519544, 578562248, 117042704, 461502052, 211183, 334
248, 468975616, 466763528, 583806232, 117042704, 461502052, 154156740, 334
249, 468975616, 466772300, 583815004, 117042704, 461502052, 207449, 334
250, 474546176, 469900608, 589067188, 119166580, 469892192, 154157106, 158764892
251, 474546176, 469909444, 589076024, 119166580, 469892192, 207461, 334
252, 474546176, 469910564, 589077144, 119166580, 469892192, 16927, 334
253, 474546176, 469927264, 589093844, 119166580, 469892192, 270425, 334
254, 474546176, 469928748, 589095328, 119166580, 469892192, 22869, 334
255, 474546176, 469944752, 589111332, 119166580, 469892192, 406326, 334
256, 477364224, 475188776, 594355356, 119166580, 469892192, 154156740, 334
257, 477429760, 475197508, 594364088, 119166580, 469892192, 207361, 334
258, 483000320, 478292952, 599616272, 121323320, 478284536, 154157106, 158856760
259, 483000320, 478301756, 599625076, 121323320, 478284536, 208006, 334
260, 485752832, 483545740, 604869060, 121323320, 478284536, 154156740, 334
261, 485752832, 483554616, 604877936, 121323320, 478284536, 208285, 334
262, 491323392, 486682848, 610130120, 123447272, 486674432, 154157106, 158753014
263, 491323392, 486691796, 610139068, 123447272, 486674432, 208805, 334
264, 494141440, 491935780, 615383052, 123447272, 486674432, 154156740, 334
265, 494141440, 491944748, 615392020, 123447272, 486674432, 208780, 334
266, 499712000, 495072788, 620644204, 125571416, 495064372, 154157106, 158754561
267, 499712000, 495081324, 620652740, 125571416, 495064372, 205265, 334
268, 502530048, 500325308, 625896724, 125571416, 495064372, 154156740, 334
269, 502530048, 500333916, 625905332, 125571416, 495064372, 204925, 334
270, 508100608, 503462492, 631157516, 127695024, 503454076, 154157106, 158745630
271, 508100608, 503471180, 631166204, 127695024, 503454076, 205573, 334
272, 510918656, 508715164, 636410188, 127695024, 503454076, 154156740, 334
273, 510918656, 508723780, 636418804, 127695024, 503454076, 204600, 334
274, 516489216, 511852284, 641670988, 129818704, 511843868, 154157106, 158749443
275, 516489216, 511860964, 641679668, 129818704, 511843868, 205363, 334
276, 519307264, 517104948, 646923652, 129818704, 511843868, 154156740, 334
277, 519307264, 517113700, 646932404, 129818704, 511843868, 207452, 334
278, 524877824, 520242016, 652184588, 131942572, 520233600, 154157106, 158747296
279, 524877824, 520250696, 652193268, 131942572, 520233600, 206907, 334
280, 527695872, 525494680, 657437252, 131942572, 520233600, 154156740, 334
281, 527695872, 525503424, 657445996, 131942572, 520233600, 206720, 334
282, 533266432, 528631856, 662698180, 134066324, 528623440, 154157106, 158751275
283, 533266432, 528641004, 662707328, 134066324, 528623440, 211865, 334
284, 536084480, 533884988, 667951312, 134066324, 528623440, 154156740, 334
285, 536084480, 533893760, 667960084, 134066324, 528623440, 207683, 334
286, 541655040, 537022036, 673212268, 136190232, 537013620, 154157106, 158766438
287, 541655040, 537030880, 673221112, 136190232, 537013620, 207864, 334
288, 541655040, 537032000, 673222232, 136190232, 537013620, 16927, 334
289, 541655040, 537051148, 673241380, 136190232, 537013620, 296211, 334
290, 541655040, 537052632, 673242864, 136190232, 537013620, 22869, 334
291, 541655040, 537070308, 673260540, 136190232, 537013620, 422784, 334
292, 544538624, 542314332, 678504564, 136190232, 537013620, 154156740, 334
293, 544538624, 542323808, 678514040, 136190232, 537013620, 213452, 334
294, 550109184, 545417708, 683766224, 138348516, 545409292, 154157106, 159005789
295, 550109184, 545427264, 683775780, 138348516, 545409292, 214592, 334
296, 552861696, 550671248, 689019764, 138348516, 545409292, 154156740, 334
297, 552861696, 550680484, 689029000, 138348516, 545409292, 210823, 334
298, 558432256, 553808128, 694281184, 140473056, 553799712, 154157106, 158774940
299, 558432256, 553817012, 694290068, 140473056, 553799712, 208481, 334
300, 561250304, 559060996, 699534052, 140473056, 553799712, 154156740, 334
301, 561250304, 559069820, 699542876, 140473056, 553799712, 207715, 334
302, 566820864, 562198028, 704795060, 142597032, 562189612, 154157106, 158753190
303, 566820864, 562206924, 704803956, 142597032, 562189612, 207898, 334
304, 569638912, 567450908, 710047940, 142597032, 562189612, 154156740, 334
305, 569638912, 567459884, 710056916, 142597032, 562189612, 207846, 334
306, 575209472, 570587940, 715309100, 144721160, 570579524, 154157106, 158753473
307, 575209472, 570596980, 715318140, 144721160, 570579524, 208237, 334
308, 578027520, 575840964, 720562124, 144721160, 570579524, 154156740, 334
309, 578027520, 575849580, 720570740, 144721160, 570579524, 205032, 334
310, 583598080, 578977932, 725822924, 146844992, 578969516, 154157106, 158756583
311, 583598080, 578986620, 725831612, 146844992, 578969516, 206056, 334
312, 586416128, 584230604, 731075596, 146844992, 578969516, 154156740, 334
313, 586416128, 584239356, 731084348, 146844992, 578969516, 207321, 334
314, 591986688, 587367664, 736336532, 148968868, 587359248, 154157106, 158747296
315, 591986688, 587376480, 736345348, 148968868, 587359248, 207544, 334
316, 594804736, 592620464, 741589332, 148968868, 587359248, 154156740, 334
317, 594804736, 592629208, 741598076, 148968868, 587359248, 206572, 334
318, 600440832, 595757584, 746850260, 151092676, 595749168, 154157106, 158754076
319, 600440832, 595766740, 746859416, 151092676, 595749168, 211799, 334
320, 603193344, 601010724, 752103400, 151092676, 595749168, 154156740, 334
321, 603258880, 601019560, 752112236, 151092676, 595749168, 207754, 334
322, 608829440, 604147756, 757364420, 153216664, 604139340, 154157106, 158766030
323, 608829440, 604156672, 757373336, 153216664, 604139340, 208122, 334
324, 608829440, 604157792, 757374456, 153216664, 604139340, 16927, 334
325, 608829440, 604175164, 757391828, 153216664, 604139340, 271531, 334
326, 608829440, 604176648, 757393312, 153216664, 604139340, 22869, 334
327, 608829440, 604193312, 757409976, 153216664, 604139340, 407930, 334
328, 611647488, 609437336, 762654000, 153216664, 604139340, 154156740, 334
329, 611647488, 609446192, 762662856, 153216664, 604139340, 207156, 334
330, 617218048, 612540660, 767915040, 155374380, 612532244, 154157106, 158877598
331, 617218048, 612549776, 767924156, 155374380, 612532244, 211165, 334
332, 619970560, 617793760, 773168140, 155374380, 612532244, 154156740, 334
333, 620036096, 617802564, 773176944, 155374380, 612532244, 207949, 334
334, 625606656, 620930840, 778429128, 157498288, 620922424, 154157106, 158766065
335, 625606656, 620939716, 778438004, 157498288, 620922424, 208115, 334
336, 628359168, 626183700, 783681988, 157498288, 620922424, 154156740, 334
337, 628424704, 626192460, 783690748, 157498288, 620922424, 207584, 334
338, 633995264, 629320748, 788942932, 159622184, 629312332, 154157106, 158753474
339, 633995264, 629329572, 788951756, 159622184, 629312332, 207271, 334
340, 636747776, 634573556, 794195740, 159622184, 629312332, 154156740, 334
341, 636813312, 634582380, 794204564, 159622184, 629312332, 206568, 334
342, 642383872, 637710612, 799456748, 161746136, 637702196, 154157106, 158751742
343, 642383872, 637719444, 799465580, 161746136, 637702196, 206983, 334
344, 645201920, 642963428, 804709564, 161746136, 637702196, 154156740, 334
345, 645201920, 642972324, 804718460, 161746136, 637702196, 207297, 334
346, 650772480, 646100476, 809970644, 163870168, 646092060, 154157106, 158751823
347, 650772480, 646109452, 809979620, 163870168, 646092060, 208567, 334
348, 653590528, 651353436, 815223604, 163870168, 646092060, 154156740, 334
349, 653590528, 651362548, 815232716, 163870168, 646092060, 209631, 334
350, 659161088, 654490368, 820484900, 165994532, 654481952, 154157106, 158752832
351, 659161088, 654499544, 820494076, 165994532, 654481952, 210156, 334
352, 661979136, 659743528, 825738060, 165994532, 654481952, 154156740, 334
353, 661979136, 659752784, 825747316, 165994532, 654481952, 210295, 334
354, 667549696, 662880496, 830999500, 168119004, 662872080, 154157106, 158761953
355, 685834240, 662898348, 831017352, 168119004, 662880724, 215421, 334
356, 685834240, 668142332, 836261336, 168119004, 662880724, 154156374, 334
357, 685834240, 668151680, 836270684, 168119004, 662880724, 211634, 334
358, 685834240, 671279628, 841522868, 170243240, 671271212, 154156374, 158777621
359, 685834240, 671289040, 841532280, 170243240, 671271212, 211744, 334

