Step, Memory, Heap, Allocated, Reclaimed, Live, Mutator, Collector
0, 5570560, 247348, 3123900, 2876552, 247152, 52127655, 5530779
1, 6356992, 491900, 6511340, 6019440, 491704, 56501049, 11023645
2, 6881280, 735368, 9970452, 9235084, 735172, 57170471, 16503295
3, 7864320, 984160, 13918128, 12933968, 983964, 62924468, 22045580
4, 8585216, 1229748, 18071484, 16841736, 1229552, 64862254, 27549775
5, 9043968, 1474300, 22217044, 20742744, 1474104, 65204455, 33042417
6, 9568256, 1719888, 26413204, 24693316, 1719692, 65900233, 38546761
7, 10158080, 1964440, 30678764, 28714324, 1964244, 67346759, 44039546
8, 10682368, 2210028, 34952120, 32742092, 2209832, 67628918, 49543822
9, 11141120, 2456700, 39231924, 36775224, 2456504, 67381742, 55061217
10, 11599872, 2700168, 43491036, 40790868, 2699972, 67504571, 60540867
11, 12124160, 2946840, 47770840, 44824000, 2946644, 67556642, 66058318
12, 12582912, 3190308, 52029952, 48839644, 3190112, 67240307, 71537928
13, 13172736, 3436980, 56393792, 52956812, 3436784, 69419265, 77055407
14, 13697024, 3682568, 60787148, 57104580, 3682372, 69688326, 82559695
15, 14221312, 3927120, 65172708, 61245588, 3926924, 70014159, 88052449
16, 14680064, 4172708, 69566064, 65393356, 4172512, 69866658, 93556728
17, 15204352, 4417260, 73951624, 69534364, 4417064, 69746463, 99049510
18, 15663104, 4662848, 78344980, 73682132, 4662652, 70044990, 104553798
19, 16187392, 4909520, 82744784, 77835264, 4909324, 69797682, 110071249
20, 16646144, 5152988, 87123896, 81970908, 5152792, 69904407, 115550859
21, 17170432, 5399660, 91523700, 86124040, 5399464, 69972582, 121068310
22, 17629184, 5643128, 95902812, 90259684, 5642932, 69640143, 126547932
23, 18153472, 5889800, 100302616, 94412816, 5889604, 70147482, 132065383
24, 18612224, 6136472, 104702420, 98565948, 6136276, 69804018, 137582778
25, 19070976, 6379940, 109081532, 102701592, 6379744, 69894243, 143062416
26, 19660800, 6626612, 113527836, 106901224, 6626416, 70912793, 148579895
27, 20185088, 6870080, 118026948, 111156868, 6869884, 72039979, 154059514
28, 20185088, 11389884, 122546752, 111156868, 6869884, 72563818, 244
29, 25493504, 7362340, 127060108, 119697768, 7362144, 72110866, 165083288
30, 116785152, 7362340, 226902504, 219540164, 7362144, 1625901798, 165084184
31, 116785152, 7362340, 326744972, 319382632, 7362144, 1625865435, 165081020
32, 116785152, 7362340, 426587444, 419225104, 7362144, 1625865435, 165081020
33, 116785152, 7362340, 526429916, 519067576, 7362144, 1625865435, 165081020
34, 116785152, 7362340, 626272388, 618910048, 7362144, 1625865435, 165081020
35, 116785152, 7362340, 726114860, 718752520, 7362144, 1625865435, 165081020
36, 116785152, 7362340, 825957332, 818594992, 7362144, 1625865435, 165081020
37, 116785152, 7362340, 925799804, 918437464, 7362144, 1625865435, 165081020
38, 116785152, 7362340, 1025642276, 1018279936, 7362144, 1625865435, 165081020
39, 116785152, 7362340, 1125484748, 1118122408, 7362144, 1625865435, 165081020
40, 116785152, 7366500, 1125488908, 1118122408, 7362144, 29922, 244
41, 116785152, 10489552, 1128611960, 1118122408, 7362144, 52128638, 244
42, 116785152, 491900, 1131999760, 1131507860, 7362144, 56500937, 11023421
43, 116785152, 735368, 1135459232, 1134723864, 7362144, 57170471, 16503071
44, 116785152, 984160, 1139407268, 1138423108, 7362144, 62924468, 22045160
45, 116785152, 1229748, 1143560984, 1142331236, 7362144, 64862254, 27549467
46, 116785152, 1474300, 1147706904, 1146232604, 7362144, 65204455, 33042221
47, 116785152, 1719888, 1151903424, 1150183536, 7362144, 65900233, 38546537
48, 116785152, 1964440, 1156169344, 1154204904, 7362144, 67346759, 44039294
49, 116785152, 2210028, 1160443060, 1158233032, 7362144, 67628918, 49543598
50, 116785152, 2456700, 1164723228, 1162266528, 7362144, 67381742, 55061021
51, 116785152, 2700168, 1168982704, 1166282536, 7362144, 67504571, 60540671
52, 116785152, 2946840, 1173262872, 1170316032, 7362144, 67556642, 66058094
53, 116785152, 3190308, 1177522348, 1174332040, 7362144, 67240307, 71537732
54, 116785152, 3436980, 1181886552, 1178449572, 7362144, 69419265, 77055155
55, 116785152, 3682568, 1186280272, 1182597704, 7362144, 69688326, 82559471
56, 116785152, 3927120, 1190666196, 1186739076, 7362144, 70014159, 88052225
57, 116785152, 4172708, 1195059916, 1190887208, 7362144, 69866658, 93556532
58, 116785152, 4417260, 1199445840, 1195028580, 7362144, 69746463, 99049286
59, 116785152, 4662848, 1203839560, 1199176712, 7362144, 70044990, 104553602
60, 116785152, 4909520, 1208239728, 1203330208, 7362144, 69797682, 110071025
61, 116785152, 5152988, 1212619204, 1207466216, 7362144, 69904407, 115550663
62, 116785152, 5399660, 1217019372, 1211619712, 7362144, 69972582, 121068086
63, 116785152, 5643128, 1221398848, 1215755720, 7362144, 69640143, 126547736
64, 116785152, 5889800, 1225799016, 1219909216, 7362144, 70147482, 132065159
65, 116785152, 6136472, 1230199184, 1224062712, 7362144, 69804018, 137582582
66, 116785152, 6379940, 1234578660, 1228198720, 7362144, 69894243, 143062220
67, 116785152, 6626612, 1239025328, 1232398716, 7362144, 70912793, 148579643
68, 116785152, 6870080, 1243524804, 1236654724, 7362144, 72039979, 154059290
69, 116785152, 11390248, 1248044972, 1236654724, 7362144, 72563818, 244
70, 116785152, 11628844, 1252558688, 1240929844, 7362144, 72110866, 244
71, 116785152, 7606892, 1257064608, 1249457716, 7606696, 72403567, 170573774
72, 116785152, 12120612, 1261578328, 1249457716, 7606696, 72289198, 244
73, 116785152, 8097032, 1266084248, 1257987216, 8096836, 72135871, 181570847
74, 116785152, 12610752, 1270597968, 1257987216, 8096836, 72467530, 244
75, 116785152, 8589292, 1275118132, 1266528840, 8589096, 72219958, 192592574
76, 116785152, 13088768, 1279617608, 1266528840, 8589096, 72294079, 244
77, 116785152, 9079432, 1284137772, 1275058340, 9079236, 72394858, 203589647
78, 116785152, 13578908, 1288637248, 1275058340, 9079236, 72029815, 244
79, 116785152, 9569572, 1293157412, 1283587840, 9569376, 72569758, 214586708
80, 116785152, 14083292, 1297671132, 1283587840, 9569376, 72116938, 244
81, 161939456, 9815160, 1433523052, 1423707892, 9814964, 2222158958, 220095224
82, 161939456, 9815160, 1569375048, 1559559888, 9814964, 2222143343, 220091024
83, 161939456, 9815160, 1705227044, 1695411884, 9814964, 2222143343, 220091024
84, 161939456, 9815160, 1841079040, 1831263880, 9814964, 2222143343, 220091024
85, 161939456, 9815160, 1976931036, 1967115876, 9814964, 2222143343, 220091024
86, 161939456, 9815160, 2112783032, 2102967872, 9814964, 2222143343, 220091024
87, 161939456, 9815160, 2248635028, 2238819868, 9814964, 2222143343, 220091024
88, 161939456, 9815160, 2384487024, 2374671864, 9814964, 2222143343, 220091024
89, 161939456, 9815160, 2520339020, 2510523860, 9814964, 2222143343, 220091024
90, 161939456, 9815160, 2656191016, 2646375856, 9814964, 2222143343, 220091024

