Step, Memory, Heap, Allocated, Reclaimed, Live, Mutator, Collector
0, 2228224, 15168, 15168, 0, 0, 9947, 335
1, 2293760, 43724, 43724, 0, 0, 383558, 335
2, 2293760, 46692, 46692, 0, 0, 12260, 335
3, 2293760, 85016, 85016, 0, 0, 672156, 335
4, 7536640, 5330524, 5330524, 0, 0, 117445787, 335
5, 7602176, 5351092, 5351092, 0, 0, 336036, 335
6, 13172736, 8406088, 10604764, 2198676, 8397676, 117445787, 150736148
7, 13172736, 8426784, 10625460, 2198676, 8397676, 337850, 335
8, 15925248, 13672260, 15870936, 2198676, 8397676, 117445875, 335
9, 15925248, 13692852, 15891528, 2198676, 8397676, 336991, 335
10, 21495808, 16795864, 21145204, 4349340, 16787452, 117445905, 150299538
11, 21495808, 16816576, 21165916, 4349340, 16787452, 338042, 335
12, 24313856, 22062052, 26411392, 4349340, 16787452, 117445875, 335
13, 24313856, 22082820, 26432160, 4349340, 16787452, 338469, 335
14, 29884416, 25185672, 31685836, 6500164, 25177260, 117445905, 150303273
15, 29884416, 25206552, 31706716, 6500164, 25177260, 339382, 335
16, 32702464, 30452028, 36952192, 6500164, 25177260, 117445875, 335
17, 32702464, 30472812, 36972976, 6500164, 25177260, 338596, 335
18, 38273024, 33575576, 42226652, 8651076, 33567164, 117445905, 150308882
19, 38273024, 33604608, 42255684, 8651076, 33575960, 339162, 335
20, 41091072, 38850084, 47501160, 8651076, 33575960, 117445875, 335
21, 41091072, 38871636, 47522712, 8651076, 33575960, 343960, 335
22, 46661632, 41974356, 52776388, 10802032, 41965944, 117445905, 150315085
23, 46661632, 41995248, 52797280, 10802032, 41965944, 339855, 335
24, 49479680, 47240724, 58042756, 10802032, 41965944, 117445875, 335
25, 49479680, 47261596, 58063628, 10802032, 41965944, 339802, 335
26, 55050240, 50364276, 63317304, 12953028, 50355864, 117445905, 150309716
27, 55050240, 50385228, 63338256, 12953028, 50355864, 340588, 335
28, 57868288, 55630704, 68583732, 12953028, 50355864, 117445875, 335
29, 57868288, 55651768, 68604796, 12953028, 50355864, 341278, 335
30, 63438848, 58754464, 73858472, 15104008, 58746052, 117445905, 150327868
31, 63438848, 58775600, 73879608, 15104008, 58746052, 341993, 335
32, 66256896, 64021076, 79125084, 15104008, 58746052, 117445875, 335
33, 66256896, 64042332, 79146340, 15104008, 58746052, 342820, 335
34, 71827456, 67144796, 84400016, 17255220, 67136384, 117445905, 150335951
35, 71827456, 67166132, 84421352, 17255220, 67136384, 343556, 335
36, 71827456, 67168744, 84423964, 17255220, 67136384, 6405, 335
37, 71827456, 67198492, 84453712, 17255220, 67136384, 395985, 335
38, 71827456, 67201468, 84456688, 17255220, 67136384, 12378, 335
39, 71827456, 67240768, 84495988, 17255220, 67136384, 680753, 335
40, 74711040, 72486284, 89741504, 17255220, 67136384, 117445875, 335
41, 74711040, 72508472, 89763692, 17255220, 67136384, 348770, 335
42, 80281600, 75538476, 95017368, 19478892, 75530064, 117445905, 150527112
43, 80281600, 75568936, 95047828, 19478892, 75538860, 349666, 335
44, 83034112, 80814412, 100293304, 19478892, 75538860, 117445875, 335
45, 83034112, 80835588, 100314480, 19478892, 75538860, 341782, 335
46, 88604672, 83937888, 105568156, 21630268, 83929476, 117445905, 150351250
47, 88604672, 83959192, 105589460, 21630268, 83929476, 343069, 335
48, 91422720, 89204668, 110834936, 21630268, 83929476, 117445875, 335
49, 91422720, 89226140, 110856408, 21630268, 83929476, 344300, 335
50, 96993280, 92328300, 116110084, 23781784, 92319888, 117445905, 150339616
51, 96993280, 92349652, 116131436, 23781784, 92319888, 343608, 335
52, 99811328, 97595128, 121376912, 23781784, 92319888, 117445875, 335
53, 99811328, 97616000, 121397784, 23781784, 92319888, 339730, 335
54, 105381888, 100718680, 126651460, 25932780, 100710268, 117445905, 150337259
55, 105381888, 100739672, 126672452, 25932780, 100710268, 340776, 335
56, 108199936, 105985148, 131917928, 25932780, 100710268, 117445875, 335
57, 108199936, 106006236, 131939016, 25932780, 100710268, 341556, 335
58, 113836032, 109108956, 137192692, 28083736, 109100544, 117445905, 150333138
59, 113836032, 109130060, 137213796, 28083736, 109100544, 341678, 335
60, 116588544, 114375536, 142459272, 28083736, 109100544, 117445875, 335
61, 116588544, 114396772, 142480508, 28083736, 109100544, 342764, 335
62, 122224640, 117499016, 147734184, 30235168, 117490604, 117445905, 150318202
63, 122224640, 117520020, 147755188, 30235168, 117490604, 341230, 335
64, 124977152, 122765496, 153000664, 30235168, 117490604, 117445875, 335
65, 125042688, 122786620, 153021788, 30235168, 117490604, 342025, 335
66, 130613248, 125889284, 158275464, 32386180, 125880872, 117445905, 150332200
67, 130613248, 125911104, 158297284, 32386180, 125880872, 347106, 335
68, 133365760, 131156580, 163542760, 32386180, 125880872, 117445875, 335
69, 133431296, 131178472, 163564652, 32386180, 125880872, 347501, 335
70, 139001856, 134279888, 168818328, 34538440, 134271476, 117445905, 150354189
71, 139001856, 134301156, 168839596, 34538440, 134271476, 343315, 335
72, 139001856, 134303768, 168842208, 34538440, 134271476, 6405, 335
73, 139001856, 134333516, 168871956, 34538440, 134271476, 397370, 335
74, 139001856, 134336492, 168874932, 34538440, 134271476, 12378, 335
75, 139001856, 134375648, 168914088, 34538440, 134271476, 680453, 335
76, 141819904, 139621164, 174159604, 34538440, 134271476, 117445875, 335
77, 141885440, 139642488, 174180928, 34538440, 134271476, 343015, 335
78, 147456000, 142673672, 179434604, 36760932, 142665260, 117445905, 150533788
79, 147456000, 142694976, 179455908, 36760932, 142665260, 343294, 335
80, 150142976, 147940452, 184701384, 36760932, 142665260, 117445875, 335
81, 150208512, 147961820, 184722752, 36760932, 142665260, 343548, 335
82, 155779072, 151064124, 189976428, 38912304, 151055712, 117445905, 150342990
83, 155779072, 151085184, 189997488, 38912304, 151055712, 341350, 335
84, 158531584, 156330660, 195242964, 38912304, 151055712, 117445875, 335
85, 158597120, 156351800, 195264104, 38912304, 151055712, 341600, 335
86, 164167680, 159454384, 200517780, 41063396, 159445972, 117445905, 150330723
87, 166658048, 159484536, 200547932, 41063396, 159454768, 347423, 335
88, 166985728, 164730012, 205793408, 41063396, 159454768, 117445905, 335
89, 166985728, 164752036, 205815432, 41063396, 159454768, 347853, 335
90, 172556288, 167853868, 211069108, 43215240, 167845456, 117445905, 150358032
91, 172556288, 167875048, 211090288, 43215240, 167845456, 342346, 335
92, 175374336, 173120524, 216335764, 43215240, 167845456, 117445875, 335
93, 175374336, 173141824, 216357064, 43215240, 167845456, 343109, 335
94, 180944896, 176244256, 221610740, 45366484, 176235844, 117445905, 150338512
95, 180944896, 176265588, 221632072, 45366484, 176235844, 343558, 335
96, 183762944, 181511064, 226877548, 45366484, 176235844, 117445875, 335
97, 183762944, 181532528, 226899012, 45366484, 176235844, 344646, 335
98, 189333504, 184634448, 232152688, 47518240, 184626036, 117445905, 150325121
99, 189333504, 184655720, 232173960, 47518240, 184626036, 343405, 335
100, 192151552, 189901196, 237419436, 47518240, 184626036, 117445875, 335
101, 192151552, 189922388, 237440628, 47518240, 184626036, 342565, 335
102, 197722112, 193024868, 242694304, 49669436, 193016456, 117445905, 150340257
103, 197722112, 193045916, 242715352, 49669436, 193016456, 341604, 335
104, 200540160, 198291392, 247960828, 49669436, 193016456, 117445875, 335
105, 200540160, 198312464, 247981900, 49669436, 193016456, 341564, 335
106, 206110720, 201415136, 253235576, 51820440, 201406724, 117445905, 150331531
107, 206110720, 201436216, 253256656, 51820440, 201406724, 341962, 335
108, 206110720, 201438828, 253259268, 51820440, 201406724, 6405, 335
109, 206110720, 201468936, 253289376, 51820440, 201406724, 401036, 335
110, 206110720, 201471912, 253292352, 51820440, 201406724, 12378, 335
111, 206110720, 201511332, 253331772, 51820440, 201406724, 682425, 335
112, 208994304, 206756848, 258577288, 51820440, 201406724, 117445875, 335
113, 208994304, 206778276, 258598716, 51820440, 201406724, 343861, 335
114, 214564864, 209809228, 263852392, 54043164, 209800816, 117445905, 150556053
115, 214564864, 209830672, 263873836, 54043164, 209800816, 344206, 335
116, 217317376, 215076148, 269119312, 54043164, 209800816, 117445875, 335
117, 217317376, 215097376, 269140540, 54043164, 209800816, 342334, 335
118, 222887936, 218199768, 274394220, 56194452, 218191356, 117445905, 150347051
119, 222887936, 218221068, 274415520, 56194452, 218191356, 342983, 335
120, 225705984, 223466548, 279661000, 56194452, 218191356, 117445875, 335
121, 225705984, 223487808, 279682260, 56194452, 218191356, 342692, 335
122, 231276544, 226590204, 284935940, 58345736, 226581792, 117445905, 150341279
123, 231276544, 226611536, 284957272, 58345736, 226581792, 343340, 335
124, 234094592, 231857016, 290202752, 58345736, 226581792, 117445875, 335
125, 234094592, 231878460, 290224196, 58345736, 226581792, 344031, 335
126, 239665152, 234980672, 295477876, 60497204, 234972260, 117445905, 150342889
127, 239665152, 235002092, 295499296, 60497204, 234972260, 344146, 335
128, 242483200, 240247572, 300744776, 60497204, 234972260, 117445875, 335
129, 242483200, 240269648, 300766852, 60497204, 234972260, 348832, 335
130, 248053760, 243371344, 306020532, 62649188, 243362932, 117445905, 150356132
131, 248053760, 243392844, 306042032, 62649188, 243362932, 345028, 335
132, 250871808, 248638324, 311287512, 62649188, 243362932, 117445875, 335
133, 250871808, 248660556, 311309744, 62649188, 243362932, 350168, 335
134, 256442368, 251761708, 316563424, 64801716, 251753296, 117445905, 150336166
135, 256442368, 251783212, 316584928, 64801716, 251753296, 345289, 335
136, 259260416, 257028692, 321830408, 64801716, 251753296, 117445875, 335
137, 259260416, 257050276, 321851992, 64801716, 251753296, 345787, 335
138, 264830976, 260152344, 327105672, 66953328, 260143932, 117445905, 150353542
139, 264830976, 260173952, 327127280, 66953328, 260143932, 346156, 335
140, 267649024, 265419432, 332372760, 66953328, 260143932, 117445875, 335
141, 267649024, 265440888, 332394216, 66953328, 260143932, 344864, 335
142, 273219584, 268542988, 337647896, 69104908, 268534576, 117445905, 150353142
143, 273219584, 268564576, 337669484, 69104908, 268534576, 346036, 335
144, 273219584, 268567192, 337672100, 69104908, 268534576, 6405, 335
145, 273219584, 268597872, 337702780, 69104908, 268534576, 406489, 335
146, 273219584, 268600852, 337705760, 69104908, 268534576, 12378, 335
147, 273219584, 268640628, 337745536, 69104908, 268534576, 686039, 335
148, 276103168, 273886148, 342991056, 69104908, 268534576, 117445875, 335
149, 276103168, 273908496, 343013404, 69104908, 268534576, 350779, 335
150, 281739264, 276937760, 348267084, 71329324, 276929348, 117445905, 150599343
151, 281739264, 276960700, 348290024, 71329324, 276929348, 354965, 335
152, 284426240, 282206180, 353535504, 71329324, 276929348, 117445875, 335
153, 284426240, 282229192, 353558516, 71329324, 276929348, 355329, 335
154, 289996800, 285328780, 358812196, 73483416, 285320368, 117445905, 150376613
155, 289996800, 285350636, 358834052, 73483416, 285320368, 347570, 335
156, 292814848, 290596116, 364079532, 73483416, 285320368, 117445875, 335
157, 292814848, 290617980, 364101396, 73483416, 285320368, 347680, 335
158, 298385408, 293719592, 369355076, 75635484, 293711180, 117445905, 150362698
159, 298385408, 293742168, 369377652, 75635484, 293711180, 352644, 335
160, 301203456, 298987648, 374623132, 75635484, 293711180, 117445875, 335
161, 301203456, 299010080, 374645564, 75635484, 293711180, 351489, 335
162, 306839552, 302110636, 379899244, 77788608, 302102224, 117445905, 150376955
163, 306839552, 302131448, 379920056, 77788608, 302102224, 339521, 335
164, 309592064, 307376928, 385165536, 77788608, 302102224, 117445875, 335
165, 309592064, 307397764, 385186372, 77788608, 302102224, 339513, 335
166, 315228160, 310500688, 390440052, 79939364, 310492276, 117445905, 150317240
167, 315228160, 310521548, 390460912, 79939364, 310492276, 339767, 335
168, 317980672, 315767028, 395706392, 79939364, 310492276, 117445875, 335
169, 317980672, 315788216, 395727580, 79939364, 310492276, 342644, 335
170, 323616768, 318890792, 400981260, 82090468, 318882380, 117445905, 150320683
171, 323616768, 318912044, 401002512, 82090468, 318882380, 343186, 335
172, 326369280, 324157524, 406247992, 82090468, 318882380, 117445875, 335
173, 326434816, 324179828, 406270296, 82090468, 318882380, 350207, 335
174, 332005376, 327281424, 411523976, 84242552, 327273012, 117445905, 150353590
175, 339738624, 327311428, 411553980, 84242552, 327281812, 346861, 335
176, 339738624, 332556908, 416799460, 84242552, 327281812, 117445845, 335
177, 339738624, 332578132, 416820684, 84242552, 327281812, 342755, 335
178, 340393984, 335680784, 422074364, 86393580, 335672372, 117445875, 150350758
179, 340393984, 335701840, 422095420, 86393580, 335672372, 341667, 335
180, 340393984, 335704456, 422098036, 86393580, 335672372, 6405, 335
181, 340393984, 335735000, 422128580, 86393580, 335672372, 406220, 335
182, 340393984, 335737980, 422131560, 86393580, 335672372, 12378, 335
183, 340393984, 335777556, 422171136, 86393580, 335672372, 684644, 335
184, 343277568, 341023076, 427416656, 86393580, 335672372, 117445875, 335
185, 343277568, 341044292, 427437872, 86393580, 335672372, 342289, 335
186, 348848128, 344075456, 432691552, 88616096, 344067044, 117445905, 150595006
187, 348848128, 344096744, 432712840, 88616096, 344067044, 343079, 335
188, 351535104, 349342224, 437958320, 88616096, 344067044, 117445875, 335
189, 351600640, 349363584, 437979680, 88616096, 344067044, 343535, 335
190, 357171200, 352465956, 443233360, 90767404, 352457544, 117445905, 150344415
191, 357171200, 352488080, 443255484, 90767404, 352457544, 348989, 335
192, 359989248, 357733560, 448500964, 90767404, 352457544, 117445905, 335
193, 359989248, 357755116, 448522520, 90767404, 352457544, 345099, 335
194, 365559808, 360856700, 453776200, 92919500, 360848288, 117445905, 150360043
195, 365559808, 360878232, 453797732, 92919500, 360848288, 345010, 335
196, 368377856, 366123712, 459043212, 92919500, 360848288, 117445875, 335
197, 368377856, 366145212, 459064712, 92919500, 360848288, 344498, 335
198, 373948416, 369247224, 464318392, 95071168, 369238812, 117445905, 150344645
199, 373948416, 369268396, 464339564, 95071168, 369238812, 342315, 335
200, 376766464, 374513876, 469585044, 95071168, 369238812, 117445875, 335
201, 376766464, 374535072, 469606240, 95071168, 369238812, 342236, 335
202, 382337024, 377637476, 474859920, 97222444, 377629064, 117445905, 150327429
203, 382337024, 377658696, 474881140, 97222444, 377629064, 342475, 335
204, 385155072, 382904176, 480126620, 97222444, 377629064, 117445875, 335
205, 385155072, 382925628, 480148072, 97222444, 377629064, 344752, 335
206, 390725632, 386027812, 485401752, 99373940, 386019400, 117445905, 150333605
207, 390725632, 386049280, 485423220, 99373940, 386019400, 344828, 335
208, 393543680, 391294760, 490668700, 99373940, 386019400, 117445875, 335
209, 393543680, 391316260, 490690200, 99373940, 386019400, 345022, 335
210, 399114240, 394418368, 495943880, 101525512, 394409956, 117445905, 150347008
211, 399114240, 394440512, 495966024, 101525512, 394409956, 349565, 335
212, 401932288, 399685992, 501211504, 101525512, 394409956, 117445875, 335
213, 401932288, 399707144, 501232656, 101525512, 394409956, 342161, 335
214, 407502848, 402809096, 506486336, 103677240, 402800684, 117445905, 150359260
215, 407502848, 402830232, 506507472, 103677240, 402800684, 342145, 335
216, 407502848, 402832848, 506510088, 103677240, 402800684, 6405, 335
217, 407502848, 402863816, 506541056, 103677240, 402800684, 410304, 335
218, 407502848, 402866796, 506544036, 103677240, 402800684, 12378, 335
219, 407502848, 402906660, 506583900, 103677240, 402800684, 686911, 335
220, 410386432, 408152180, 511829420, 103677240, 402800684, 117445875, 335
221, 410386432, 408173668, 511850908, 103677240, 402800684, 344238, 335
222, 415956992, 411204136, 517104588, 105900452, 411195724, 117445905, 150619986
223, 415956992, 411225400, 517125852, 105900452, 411195724, 342853, 335
224, 418709504, 416470880, 522371332, 105900452, 411195724, 117445875, 335
225, 418709504, 416492216, 522392668, 105900452, 411195724, 343456, 335
226, 424280064, 419594660, 527646348, 108051688, 419586248, 117445905, 150346672
227, 424280064, 419616076, 527667764, 108051688, 419586248, 344306, 335
228, 427098112, 424861556, 532913244, 108051688, 419586248, 117445875, 335
229, 427098112, 424883040, 532934728, 108051688, 419586248, 344606, 335
230, 432668672, 427985268, 538188408, 110203140, 427976856, 117445905, 150352058
231, 432668672, 428006728, 538209868, 110203140, 427976856, 344514, 335
232, 435486720, 433252208, 543455348, 110203140, 427976856, 117445875, 335
233, 435486720, 433273420, 543476560, 110203140, 427976856, 342467, 335
234, 441057280, 436375752, 548730240, 112354488, 436367340, 117445905, 150342492
235, 441057280, 436396996, 548751484, 112354488, 436367340, 342852, 335
236, 443875328, 441642476, 553996964, 112354488, 436367340, 117445875, 335
237, 443875328, 441663736, 554018224, 112354488, 436367340, 342831, 335
238, 449445888, 444766036, 559271904, 114505868, 444757624, 117445905, 150329410
239, 449445888, 444787328, 559293196, 114505868, 444757624, 343211, 335
240, 452263936, 450032808, 564538676, 114505868, 444757624, 117445875, 335
241, 452263936, 450053828, 564559696, 114505868, 444757624, 341484, 335
242, 457834496, 453156412, 569813376, 116656964, 453148000, 117445905, 150335353
243, 457834496, 453177456, 569834420, 116656964, 453148000, 341728, 335
244, 460652544, 458422936, 575079900, 116656964, 453148000, 117445875, 335
245, 460652544, 458444004, 575100968, 116656964, 453148000, 341757, 335
246, 466223104, 461546728, 580354648, 118807920, 461538316, 117445905, 150334129
247, 466223104, 461568576, 580376496, 118807920, 461538316, 347333, 335
248, 469041152, 466814056, 585621976, 118807920, 461538316, 117445875, 335
249, 469041152, 466835288, 585643208, 118807920, 461538316, 342978, 335
250, 474611712, 469937304, 590896888, 120959584, 469928892, 117445905, 150351134
251, 474611712, 469958504, 590918088, 120959584, 469928892, 342768, 335
252, 474611712, 469961120, 590920704, 120959584, 469928892, 6405, 335
253, 474611712, 469992600, 590952184, 120959584, 469928892, 415453, 335
254, 474611712, 469995580, 590955164, 120959584, 469928892, 12378, 335
255, 474611712, 470035380, 590994964, 120959584, 469928892, 687662, 335
256, 477495296, 475280900, 596240484, 120959584, 469928892, 117445875, 335
257, 477495296, 475302140, 596261724, 120959584, 469928892, 342500, 335
258, 483131392, 478332752, 601515404, 123182652, 478324340, 117445905, 150644555
259, 483131392, 478354064, 601536716, 123182652, 478324340, 343386, 335
260, 485818368, 483599544, 606782196, 123182652, 478324340, 117445875, 335
261, 485818368, 483620928, 606803580, 123182652, 478324340, 343728, 335
262, 491388928, 486723340, 612057260, 125333920, 486714928, 117445905, 150350931
263, 491388928, 486744748, 612078668, 125333920, 486714928, 344041, 335
264, 494206976, 491990228, 617324148, 125333920, 486714928, 117445875, 335
265, 494206976, 492011704, 617345624, 125333920, 486714928, 344338, 335
266, 499777536, 495113940, 622599304, 127485364, 495105528, 117445905, 150351109
267, 499777536, 495134888, 622620252, 127485364, 495105528, 340455, 335
268, 502595584, 500380368, 627865732, 127485364, 495105528, 117445875, 335
269, 502595584, 500401292, 627886656, 127485364, 495105528, 340014, 335
270, 508231680, 503504144, 633140336, 129636192, 503495732, 117445905, 150327115
271, 508231680, 503525100, 633161292, 129636192, 503495732, 340463, 335
272, 510984192, 508770580, 638406772, 129636192, 503495732, 117445875, 335
273, 510984192, 508791416, 638427608, 129636192, 503495732, 339581, 335
274, 516620288, 511894276, 643681288, 131787012, 511885864, 117445935, 150321644
275, 516620288, 511915176, 643702188, 131787012, 511885864, 340090, 335
276, 519372800, 517160656, 648947668, 131787012, 511885864, 117445875, 335
277, 519372800, 517181820, 648968832, 131787012, 511885864, 342578, 335
278, 525008896, 520284444, 654222512, 133938068, 520276032, 117445905, 150325043
279, 525008896, 520305488, 654243556, 133938068, 520276032, 341760, 335
280, 527761408, 525550968, 659489036, 133938068, 520276032, 117445875, 335
281, 527826944, 525572028, 659510096, 133938068, 520276032, 341614, 335
282, 533397504, 528674752, 664763776, 136089024, 528666340, 117445905, 150333285
283, 533397504, 528696672, 664785696, 136089024, 528666340, 347655, 335
284, 536150016, 533942152, 670031176, 136089024, 528666340, 117445875, 335
285, 536215552, 533963384, 670052408, 136089024, 528666340, 342957, 335
286, 541786112, 537065368, 675306088, 138240720, 537056956, 117445905, 150353773
287, 541786112, 537086576, 675327296, 138240720, 537056956, 342773, 335
288, 541786112, 537089192, 675329912, 138240720, 537056956, 6405, 335
289, 541786112, 537124704, 675365424, 138240720, 537056956, 443260, 335
290, 541786112, 537127684, 675368404, 138240720, 537056956, 12378, 335
291, 541786112, 537169948, 675410668, 138240720, 537056956, 705040, 335
292, 544669696, 542415468, 680656188, 138240720, 537056956, 117445875, 335
293, 544669696, 542437716, 680678436, 138240720, 537056956, 349565, 335
294, 550240256, 545461904, 685932116, 140470212, 545453492, 117445905, 150713043
295, 550240256, 545484232, 685954444, 140470212, 545453492, 350588, 335
296, 552927232, 550729712, 691199924, 140470212, 545453492, 117445875, 335
297, 552992768, 550751456, 691221668, 140470212, 545453492, 346620, 335
298, 558563328, 553852792, 696475348, 142622556, 553844380, 117445905, 150367919
299, 558563328, 553874136, 696496692, 142622556, 553844380, 343843, 335
300, 561315840, 559119616, 701742172, 142622556, 553844380, 117445875, 335
301, 561381376, 559140948, 701763504, 142622556, 553844380, 343499, 335
302, 566951936, 562243352, 707017184, 144773832, 562234940, 117445905, 150349111
303, 566951936, 562264660, 707038492, 144773832, 562234940, 343317, 335
304, 569704448, 567510140, 712283972, 144773832, 562234940, 117445875, 335
305, 569769984, 567531432, 712305264, 144773832, 562234940, 343107, 335
306, 575340544, 570633764, 717558944, 146925180, 570625352, 117445905, 150338795
307, 575340544, 570655072, 717580252, 146925180, 570625352, 343253, 335
308, 578093056, 575900552, 722825732, 146925180, 570625352, 117445875, 335
309, 578158592, 575921436, 722846616, 146925180, 570625352, 339925, 335
310, 583729152, 579024128, 728100296, 149076168, 579015716, 117445905, 150334471
311, 583729152, 579045132, 728121300, 149076168, 579015716, 340944, 335
312, 586481664, 584290612, 733366780, 149076168, 579015716, 117445875, 335
313, 586547200, 584311776, 733387944, 149076168, 579015716, 342512, 335
314, 592117760, 587414360, 738641624, 151227264, 587405948, 117445905, 150328961
315, 592117760, 587435540, 738662804, 151227264, 587405948, 342605, 335
316, 594935808, 592681020, 743908284, 151227264, 587405948, 117445875, 335
317, 594935808, 592702080, 743929344, 151227264, 587405948, 341598, 335
318, 600506368, 595804748, 749183024, 153378276, 595796336, 117445905, 150337436
319, 600506368, 595826676, 749204952, 153378276, 595796336, 348059, 335
320, 603324416, 601072156, 754450432, 153378276, 595796336, 117445875, 335
321, 603324416, 601093452, 754471728, 153378276, 595796336, 343495, 335
322, 608894976, 604195356, 759725408, 155530052, 604186944, 117445905, 150352995
323, 608894976, 604216636, 759746688, 155530052, 604186944, 343544, 335
324, 608894976, 604219252, 759749304, 155530052, 604186944, 6405, 335
325, 608894976, 604250540, 759780592, 155530052, 604186944, 412945, 335
326, 608894976, 604253520, 759783572, 155530052, 604186944, 12378, 335
327, 608894976, 604293644, 759823696, 155530052, 604186944, 689934, 335
328, 611778560, 609539164, 765069216, 155530052, 604186944, 117445875, 335
329, 611778560, 609560384, 765090436, 155530052, 604186944, 342563, 335
330, 617349120, 612590468, 770344116, 157753648, 612582056, 117445905, 150614556
331, 617349120, 612612356, 770366004, 157753648, 612582056, 347444, 335
332, 620101632, 617857836, 775611484, 157753648, 612582056, 117445875, 335
333, 620101632, 617879148, 775632796, 157753648, 612582056, 343325, 335
334, 625672192, 620981116, 780886476, 159905360, 620972704, 117445905, 150355293
335, 625672192, 621002452, 780907812, 159905360, 620972704, 343653, 335
336, 628490240, 626247932, 786153292, 159905360, 620972704, 117445875, 335
337, 628490240, 626269200, 786174560, 159905360, 620972704, 343085, 335
338, 634060800, 629371684, 791428240, 162056556, 629363272, 117445905, 150349876
339, 634060800, 629392920, 791449476, 162056556, 629363272, 342795, 335
340, 636878848, 634638400, 796694956, 162056556, 629363272, 117445875, 335
341, 636878848, 634659540, 796716096, 162056556, 629363272, 341968, 335
342, 642449408, 637762048, 801969776, 164207728, 637753636, 117445905, 150335933
343, 642449408, 637783196, 801990924, 164207728, 637753636, 342269, 335
344, 645267456, 643028676, 807236404, 164207728, 637753636, 117445875, 335
345, 645267456, 643049936, 807257664, 164207728, 637753636, 342831, 335
346, 650838016, 646152380, 812511344, 166358964, 646143968, 117445905, 150333892
347, 650838016, 646173768, 812532732, 166358964, 646143968, 344083, 335
348, 653656064, 651419248, 817778212, 166358964, 646143968, 117445875, 335
349, 653656064, 651440772, 817799736, 166358964, 646143968, 345300, 335
350, 659226624, 654542836, 823053416, 168510580, 654534424, 117445905, 150342386
351, 659226624, 654564376, 823074956, 168510580, 654534424, 345458, 335
352, 662044672, 659809856, 828320436, 168510580, 654534424, 117445875, 335
353, 662044672, 659831428, 828342008, 168510580, 654534424, 345635, 335
354, 667615232, 662933432, 833595688, 170662256, 662925020, 117445905, 150348981
355, 685899776, 662964056, 833626312, 170662256, 662933820, 351757, 335
356, 685899776, 668209536, 838871792, 170662256, 662933820, 117445845, 335
357, 685899776, 668231344, 838893600, 170662256, 662933820, 347467, 335
358, 685899776, 671333156, 844147280, 172814124, 671324744, 117445845, 150370640
359, 685899776, 671354932, 844169056, 172814124, 671324744, 347242, 335

