Step, Memory, Heap, Allocated, Reclaimed, Live, Mutator, Collector
0, 2228224, 14772, 14772, 0, 0, 9871, 331
1, 2293760, 41652, 41652, 0, 0, 377731, 331
2, 2293760, 43412, 43412, 0, 0, 12179, 331
3, 2293760, 80336, 80336, 0, 0, 666958, 331
4, 7536640, 5324636, 5324636, 0, 0, 112202866, 331
5, 7536640, 5343940, 5343940, 0, 0, 332031, 331
6, 13172736, 8405816, 10596404, 2190588, 8397404, 112202866, 150716714
7, 13172736, 8425232, 10615820, 2190588, 8397404, 333793, 331
8, 15925248, 13669500, 15860088, 2190588, 8397404, 112202984, 331
9, 15925248, 13688796, 15879384, 2190588, 8397404, 332897, 331
10, 21495808, 16795568, 21131852, 4336284, 16787156, 112202984, 150297195
11, 21495808, 16814968, 21151252, 4336284, 16787156, 333873, 331
12, 24313856, 22059236, 26395520, 4336284, 16787156, 112202954, 331
13, 24313856, 22078676, 26414960, 4336284, 16787156, 334266, 331
14, 29884416, 25185352, 31667428, 6482076, 25176940, 112202984, 150300190
15, 29884416, 25204888, 31686964, 6482076, 25176940, 335104, 331
16, 32702464, 30449156, 36931232, 6482076, 25176940, 112202954, 331
17, 32702464, 30468580, 36950656, 6482076, 25176940, 334283, 331
18, 38273024, 33575232, 42203124, 8627892, 33566820, 112202984, 150305921
19, 38273024, 33602888, 42230780, 8627892, 33575604, 334786, 331
20, 41091072, 38847156, 47475048, 8627892, 33575604, 112202954, 331
21, 41091072, 38867100, 47494992, 8627892, 33575604, 338846, 331
22, 46661632, 41973976, 52747460, 10773484, 41965564, 112202984, 150312013
23, 46661632, 41993524, 52767008, 10773484, 41965564, 335495, 331
24, 49479680, 47237792, 58011276, 10773484, 41965564, 112202954, 331
25, 49479680, 47257304, 58030788, 10773484, 41965564, 335408, 331
26, 55050240, 50363872, 63283256, 12919384, 50355460, 112202984, 150306739
27, 55050240, 50383464, 63302848, 12919384, 50355460, 336180, 331
28, 57868288, 55627732, 68547116, 12919384, 50355460, 112202954, 331
29, 57868288, 55647420, 68566804, 12919384, 50355460, 336792, 331
30, 63438848, 58754036, 73819272, 15065236, 58745624, 112202984, 150324891
31, 63438848, 58773796, 73839032, 15065236, 58745624, 337490, 331
32, 66256896, 64018064, 79083300, 15065236, 58745624, 112202954, 331
33, 66256896, 64037928, 79103164, 15065236, 58745624, 338239, 331
34, 71827456, 67144344, 84355632, 17211288, 67135932, 112202984, 150332802
35, 71827456, 67164288, 84375576, 17211288, 67135932, 339058, 331
36, 71827456, 67165692, 84376980, 17211288, 67135932, 6329, 331
37, 71827456, 67193692, 84404980, 17211288, 67135932, 389635, 331
38, 71827456, 67195460, 84406748, 17211288, 67135932, 12297, 331
39, 71827456, 67233312, 84444600, 17211288, 67135932, 675434, 331
40, 74711040, 72477620, 89688908, 17211288, 67135932, 112202954, 331
41, 74711040, 72498184, 89709472, 17211288, 67135932, 343514, 331
42, 80281600, 75537980, 94961940, 19423960, 75529568, 112202984, 150521765
43, 80281600, 75566816, 94990776, 19423960, 75538352, 344392, 331
44, 83034112, 80811084, 100235044, 19423960, 75538352, 112202954, 331
45, 83034112, 80830916, 100254876, 19423960, 75538352, 337350, 331
46, 88604672, 83937356, 105507344, 21569988, 83928944, 112202984, 150348194
47, 88604672, 83957300, 105527288, 21569988, 83928944, 338462, 331
48, 91422720, 89201568, 110771556, 21569988, 83928944, 112202954, 331
49, 91422720, 89221648, 110791636, 21569988, 83928944, 339554, 331
50, 96993280, 92327744, 116044104, 23716360, 92319332, 112202984, 150336499
51, 96993280, 92347720, 116064080, 23716360, 92319332, 338932, 331
52, 99811328, 97591988, 121308348, 23716360, 92319332, 112202954, 331
53, 99811328, 97611500, 121327860, 23716360, 92319332, 335205, 331
54, 105381888, 100718100, 126580328, 25862228, 100709688, 112202984, 150334266
55, 105381888, 100737716, 126599944, 25862228, 100709688, 336218, 331
56, 108199936, 105981984, 131844212, 25862228, 100709688, 112202954, 331
57, 108199936, 106001664, 131863892, 25862228, 100709688, 336870, 331
58, 113770496, 109108352, 137116360, 28008008, 109099940, 112202984, 150329913
59, 113770496, 109128064, 137136072, 28008008, 109099940, 337025, 331
60, 116588544, 114372332, 142380340, 28008008, 109099940, 112202954, 331
61, 116588544, 114392160, 142400168, 28008008, 109099940, 338051, 331
62, 122159104, 117498388, 147652636, 30154248, 117489976, 112202984, 150315225
63, 122159104, 117518016, 147672264, 30154248, 117489976, 336664, 331
64, 124977152, 122762284, 152916532, 30154248, 117489976, 112202954, 331
65, 124977152, 122782016, 152936264, 30154248, 117489976, 337354, 331
66, 130547712, 125888632, 158188732, 32300100, 125880220, 112202984, 150329775
67, 130547712, 125908812, 158208912, 32300100, 125880220, 341603, 331
68, 133365760, 131153080, 163453180, 32300100, 125880220, 112202954, 331
69, 133365760, 131173332, 163473432, 32300100, 125880220, 341954, 331
70, 139001856, 134279212, 168725900, 34446688, 134270800, 112202984, 150350947
71, 139001856, 134299088, 168745776, 34446688, 134270800, 338594, 331
72, 139001856, 134300492, 168747180, 34446688, 134270800, 6329, 331
73, 139001856, 134328396, 168775084, 34446688, 134270800, 390446, 331
74, 139001856, 134330164, 168776852, 34446688, 134270800, 12297, 331
75, 139001856, 134367824, 168814512, 34446688, 134270800, 674435, 331
76, 141819904, 139612132, 174058820, 34446688, 134270800, 112202954, 331
77, 141885440, 139632064, 174078752, 34446688, 134270800, 338285, 331
78, 147456000, 142672952, 179331220, 36658268, 142664540, 112202984, 150528602
79, 147456000, 142692848, 179351116, 36658268, 142664540, 338587, 331
80, 150142976, 147937116, 184595384, 36658268, 142664540, 112202954, 331
81, 150208512, 147957076, 184615344, 36658268, 142664540, 338827, 331
82, 155779072, 151063380, 189867812, 38804432, 151054968, 112202984, 150339600
83, 155779072, 151083064, 189887496, 38804432, 151054968, 336788, 331
84, 158531584, 156327332, 195131764, 38804432, 151054968, 112202954, 331
85, 158597120, 156347096, 195151528, 38804432, 151054968, 337301, 331
86, 164167680, 159453616, 200403996, 40950380, 159445204, 112202984, 150327682
87, 166658048, 159482128, 200432508, 40950380, 159453988, 342344, 331
88, 166920192, 164726396, 205676776, 40950380, 159453988, 112202954, 331
89, 166985728, 164746780, 205697160, 40950380, 159453988, 342787, 331
90, 172556288, 167853064, 210949628, 43096564, 167844652, 112202984, 150355455
91, 172556288, 167872852, 210969416, 43096564, 167844652, 337861, 331
92, 175308800, 173117120, 216213684, 43096564, 167844652, 112202954, 331
93, 175374336, 173137012, 216233576, 43096564, 167844652, 338579, 331
94, 180944896, 176243428, 221486044, 45242616, 176235016, 112202984, 150335424
95, 180944896, 176263368, 221505984, 45242616, 176235016, 339042, 331
96, 183762944, 181507636, 226750252, 45242616, 176235016, 112202954, 331
97, 183762944, 181527692, 226770308, 45242616, 176235016, 340070, 331
98, 189333504, 184633596, 232022776, 47389180, 184625184, 112202984, 150322492
99, 189333504, 184653476, 232042656, 47389180, 184625184, 338872, 331
100, 192151552, 189897744, 237286924, 47389180, 184625184, 112202954, 331
101, 192151552, 189917544, 237306724, 47389180, 184625184, 338046, 331
102, 197722112, 193023992, 242559192, 49535200, 193015580, 112202984, 150337198
103, 197722112, 193043648, 242578848, 49535200, 193015580, 337080, 331
104, 200540160, 198287916, 247823116, 49535200, 193015580, 112202954, 331
105, 200540160, 198307612, 247842812, 49535200, 193015580, 337087, 331
106, 206110720, 201414236, 253095280, 51681044, 201405824, 112202984, 150328522
107, 206110720, 201433940, 253114984, 51681044, 201405824, 337479, 331
108, 206110720, 201435344, 253116388, 51681044, 201405824, 6329, 331
109, 206110720, 201463512, 253144556, 51681044, 201405824, 393860, 331
110, 206110720, 201465280, 253146324, 51681044, 201405824, 12297, 331
111, 206110720, 201503108, 253184152, 51681044, 201405824, 676537, 331
112, 208994304, 206747416, 258428460, 51681044, 201405824, 112202954, 331
113, 208994304, 206767420, 258448464, 51681044, 201405824, 338956, 331
114, 214564864, 209808268, 263700932, 53892664, 209799856, 112202984, 150549070
115, 214564864, 209828304, 263720968, 53892664, 209799856, 339345, 331
116, 217317376, 215072572, 268965236, 53892664, 209799856, 112202954, 331
117, 217317376, 215092392, 268985056, 53892664, 209799856, 337712, 331
118, 222887936, 218198784, 274237528, 56038744, 218190372, 112202984, 150343995
119, 222887936, 218218676, 274257420, 56038744, 218190372, 338347, 331
120, 225705984, 223462948, 279501692, 56038744, 218190372, 112202954, 331
121, 225705984, 223482816, 279521560, 56038744, 218190372, 338111, 331
122, 231276544, 226589196, 284774032, 58184836, 226580784, 112202984, 150338558
123, 231276544, 226609136, 284793972, 58184836, 226580784, 338845, 331
124, 234094592, 231853408, 290038244, 58184836, 226580784, 112202954, 331
125, 234094592, 231873444, 290058280, 58184836, 226580784, 339458, 331
126, 239665152, 234979640, 295310752, 60331112, 234971228, 112202984, 150339864
127, 239665152, 234999636, 295330748, 60331112, 234971228, 339521, 331
128, 242483200, 240243908, 300575020, 60331112, 234971228, 112202954, 331
129, 242483200, 240264328, 300595440, 60331112, 234971228, 343259, 331
130, 248053760, 243370288, 305847912, 62477624, 243361876, 112202984, 150353515
131, 248053760, 243390364, 305867988, 62477624, 243361876, 340166, 331
132, 250871808, 248634636, 311112260, 62477624, 243361876, 112202954, 331
133, 250871808, 248655212, 311132836, 62477624, 243361876, 344498, 331
134, 256442368, 251760628, 316385308, 64624680, 251752216, 112202984, 150333028
135, 256442368, 251780708, 316405388, 64624680, 251752216, 340353, 331
136, 259260416, 257024980, 321649660, 64624680, 251752216, 112202954, 331
137, 259260416, 257045140, 321669820, 64624680, 251752216, 340837, 331
138, 264830976, 260151240, 326922292, 66771052, 260142828, 112202984, 150351163
139, 264830976, 260171440, 326942492, 66771052, 260142828, 341207, 331
140, 267649024, 265415712, 332186764, 66771052, 260142828, 112202954, 331
141, 267649024, 265435760, 332206812, 66771052, 260142828, 339940, 331
142, 273219584, 268541860, 337459284, 68917424, 268533448, 112202984, 150350055
143, 273219584, 268562024, 337479448, 68917424, 268533448, 341180, 331
144, 273219584, 268563432, 337480856, 68917424, 268533448, 6329, 331
145, 273219584, 268592076, 337509500, 68917424, 268533448, 398740, 331
146, 273219584, 268593848, 337511272, 68917424, 268533448, 12297, 331
147, 273219584, 268631936, 337549360, 68917424, 268533448, 679519, 331
148, 276103168, 273876248, 342793672, 68917424, 268533448, 112202954, 331
149, 276103168, 273896924, 342814348, 68917424, 268533448, 345124, 331
150, 281673728, 276936556, 348066820, 71130264, 276928144, 112202984, 150590348
151, 281673728, 276957612, 348087876, 71130264, 276928144, 348660, 331
152, 284426240, 282201884, 353332148, 71130264, 276928144, 112202954, 331
153, 284426240, 282223012, 353353276, 71130264, 276928144, 349070, 331
154, 289996800, 285327528, 358605748, 73278220, 285319116, 112202984, 150371439
155, 289996800, 285347960, 358626180, 73278220, 285319116, 342721, 331
156, 292814848, 290592232, 363870452, 73278220, 285319116, 112202954, 331
157, 292814848, 290612672, 363890892, 73278220, 285319116, 342753, 331
158, 298385408, 293718316, 369143364, 75425048, 293709904, 112202984, 150360064
159, 298385408, 293739236, 369164284, 75425048, 293709904, 346978, 331
160, 301203456, 298983508, 374408556, 75425048, 293709904, 112202954, 331
161, 301203456, 299004284, 374429332, 75425048, 293709904, 345848, 331
162, 306774016, 302109336, 379681804, 77572468, 302100924, 112202984, 150373751
163, 306774016, 302128788, 379701256, 77572468, 302100924, 335016, 331
164, 309592064, 307373060, 384945528, 77572468, 302100924, 112202954, 331
165, 309592064, 307392552, 384965020, 77572468, 302100924, 335040, 331
166, 315162624, 310499364, 390217492, 79718128, 310490952, 112202984, 150314445
167, 315162624, 310518896, 390237024, 79718128, 310490952, 335471, 331
168, 317980672, 315763168, 395481296, 79718128, 310490952, 112202954, 331
169, 317980672, 315782948, 395501076, 79718128, 310490952, 338035, 331
170, 323551232, 318889444, 400753548, 81864104, 318881032, 112202984, 150317642
171, 323551232, 318909288, 400773392, 81864104, 318881032, 338561, 331
172, 326369280, 324153560, 406017664, 81864104, 318881032, 112202954, 331
173, 326369280, 324173980, 406038084, 81864104, 318881032, 344113, 331
174, 331939840, 327280040, 411290556, 84010516, 327271628, 112202984, 150349602
175, 339738624, 327308388, 411318904, 84010516, 327280416, 341542, 331
176, 339738624, 332552660, 416563176, 84010516, 327280416, 112202924, 331
177, 339738624, 332572460, 416582976, 84010516, 327280416, 338210, 331
178, 340393984, 335679364, 421835448, 86156084, 335670952, 112202954, 150347222
179, 340393984, 335699028, 421855112, 86156084, 335670952, 337253, 331
180, 340393984, 335700436, 421856520, 86156084, 335670952, 6329, 331
181, 340393984, 335728848, 421884932, 86156084, 335670952, 398405, 331
182, 340393984, 335730620, 421886704, 86156084, 335670952, 12297, 331
183, 340393984, 335768508, 421924592, 86156084, 335670952, 678840, 331
184, 343212032, 341012820, 427168904, 86156084, 335670952, 112202954, 331
185, 343277568, 341032612, 427188696, 86156084, 335670952, 337773, 331
186, 348848128, 344073976, 432441168, 88367192, 344065564, 112202984, 150587859
187, 348848128, 344093840, 432461032, 88367192, 344065564, 338520, 331
188, 351535104, 349338112, 437705304, 88367192, 344065564, 112202954, 331
189, 351600640, 349358048, 437725240, 88367192, 344065564, 338875, 331
190, 357171200, 352464452, 442977712, 90513260, 352456040, 112202984, 150341208
191, 357171200, 352484904, 442998164, 90513260, 352456040, 343517, 331
192, 359923712, 357729176, 448242436, 90513260, 352456040, 112202954, 331
193, 359989248, 357749292, 448262552, 90513260, 352456040, 340365, 331
194, 365559808, 360855172, 453515024, 92659852, 360846760, 112202984, 150357573
195, 365559808, 360875296, 453535148, 92659852, 360846760, 340351, 331
196, 368312320, 366119568, 458779420, 92659852, 360846760, 112202954, 331
197, 368377856, 366139692, 458799544, 92659852, 360846760, 339974, 331
198, 373948416, 369245672, 464052016, 94806344, 369237260, 112202984, 150341396
199, 373948416, 369265484, 464071828, 94806344, 369237260, 337898, 331
200, 376700928, 374509756, 469316100, 94806344, 369237260, 112202954, 331
201, 376766464, 374529608, 469335952, 94806344, 369237260, 337908, 331
202, 382337024, 377635900, 474588424, 96952524, 377627488, 112202984, 150325092
203, 382337024, 377655792, 474608316, 96952524, 377627488, 338195, 331
204, 385155072, 382900064, 479852588, 96952524, 377627488, 112202954, 331
205, 385155072, 382920092, 479872616, 96952524, 377627488, 340124, 331
206, 390725632, 386026212, 485125088, 99098876, 386017800, 112202984, 150329998
207, 390725632, 386046272, 485145148, 99098876, 386017800, 340248, 331
208, 393543680, 391290544, 490389420, 99098876, 386017800, 112202954, 331
209, 393543680, 391310652, 490409528, 99098876, 386017800, 340485, 331
210, 399114240, 394416744, 495662000, 101245256, 394408332, 112202984, 150343949
211, 399114240, 394437216, 495682472, 101245256, 394408332, 344447, 331
212, 401932288, 399681488, 500926744, 101245256, 394408332, 112202954, 331
213, 401932288, 399701216, 500946472, 101245256, 394408332, 337890, 331
214, 407502848, 402807448, 506198944, 103391496, 402799036, 112202984, 150356179
215, 407502848, 402827192, 506218688, 103391496, 402799036, 337982, 331
216, 407502848, 402828600, 506220096, 103391496, 402799036, 6329, 331
217, 407502848, 402857340, 506248836, 103391496, 402799036, 402325, 331
218, 407502848, 402859112, 506250608, 103391496, 402799036, 12297, 331
219, 407502848, 402897192, 506288688, 103391496, 402799036, 681504, 331
220, 410386432, 408141504, 511533000, 103391496, 402799036, 112202954, 331
221, 410386432, 408161552, 511553048, 103391496, 402799036, 339853, 331
222, 415956992, 411202412, 516805520, 105603108, 411194000, 112202984, 150611025
223, 415956992, 411222236, 516825344, 105603108, 411194000, 338452, 331
224, 418709504, 416466508, 522069616, 105603108, 411194000, 112202954, 331
225, 418709504, 416486404, 522089512, 105603108, 411194000, 338831, 331
226, 424280064, 419592912, 527341984, 107749072, 419584500, 112202984, 150343040
227, 424280064, 419612888, 527361960, 107749072, 419584500, 339664, 331
228, 427098112, 424857160, 532606232, 107749072, 419584500, 112202954, 331
229, 427098112, 424877204, 532626276, 107749072, 419584500, 339953, 331
230, 432668672, 427983496, 537878748, 109895252, 427975084, 112202984, 150349081
231, 432668672, 428003548, 537898800, 109895252, 427975084, 339966, 331
232, 435486720, 433247820, 543143072, 109895252, 427975084, 112202954, 331
233, 435486720, 433267656, 543162908, 109895252, 427975084, 338064, 331
234, 441057280, 436373956, 548415380, 112041424, 436365544, 112202984, 150339420
235, 441057280, 436393840, 548435264, 112041424, 436365544, 338368, 331
236, 443875328, 441638112, 553679536, 112041424, 436365544, 112202954, 331
237, 443875328, 441658028, 553699452, 112041424, 436365544, 338300, 331
238, 449445888, 444764216, 558951924, 114187708, 444755804, 112202984, 150326430
239, 449445888, 444784180, 558971888, 114187708, 444755804, 338728, 331
240, 452263936, 450028452, 564216160, 114187708, 444755804, 112202954, 331
241, 452263936, 450048048, 564235756, 114187708, 444755804, 336763, 331
242, 457834496, 453154568, 569488228, 116333660, 453146156, 112202984, 150332570
243, 457834496, 453174204, 569507864, 116333660, 453146156, 337054, 331
244, 460652544, 458418476, 574752136, 116333660, 453146156, 112202954, 331
245, 460652544, 458438152, 574771812, 116333660, 453146156, 336955, 331
246, 466223104, 461544860, 580024284, 118479424, 461536448, 112202984, 150330914
247, 466223104, 461565036, 580044460, 118479424, 461536448, 341695, 331
248, 469041152, 466809308, 585288732, 118479424, 461536448, 112202954, 331
249, 469041152, 466829116, 585308540, 118479424, 461536448, 338112, 331
250, 474611712, 469935412, 590561012, 120625600, 469927000, 112202984, 150348627
251, 474611712, 469955220, 590580820, 120625600, 469927000, 338006, 331
252, 474611712, 469956628, 590582228, 120625600, 469927000, 6329, 331
253, 474611712, 469985784, 590611384, 120625600, 469927000, 406453, 331
254, 474611712, 469987556, 590613156, 120625600, 469927000, 12297, 331
255, 474611712, 470025572, 590651172, 120625600, 469927000, 680745, 331
256, 477495296, 475269884, 595895484, 120625600, 469927000, 112202954, 331
257, 477495296, 475289668, 595915268, 120625600, 469927000, 337531, 331
258, 483065856, 478330800, 601167740, 122836940, 478322388, 112202984, 150637313
259, 483065856, 478350656, 601187596, 122836940, 478322388, 338616, 331
260, 485818368, 483594928, 606431868, 122836940, 478322388, 112202954, 331
261, 485818368, 483614856, 606451796, 122836940, 478322388, 339025, 331
262, 491388928, 486721364, 611704268, 124982904, 486712952, 112202984, 150348023
263, 491388928, 486741332, 611724236, 124982904, 486712952, 339382, 331
264, 494206976, 491985604, 616968508, 124982904, 486712952, 112202954, 331
265, 494206976, 492005640, 616988544, 124982904, 486712952, 339668, 331
266, 499777536, 495111940, 622241016, 127129076, 495103528, 112202984, 150347948
267, 499777536, 495131480, 622260556, 127129076, 495103528, 335992, 331
268, 502595584, 500375752, 627504828, 127129076, 495103528, 112202954, 331
269, 502595584, 500395300, 627524376, 127129076, 495103528, 335659, 331
270, 508166144, 503502120, 632776848, 129274728, 503493708, 112202984, 150324412
271, 508166144, 503521716, 632796444, 129274728, 503493708, 336215, 331
272, 510984192, 508765988, 638040716, 129274728, 503493708, 112202954, 331
273, 510984192, 508785480, 638060208, 129274728, 503493708, 335312, 331
274, 516554752, 511892228, 643312680, 131420452, 511883816, 112202984, 150318221
275, 516554752, 511911784, 643332236, 131420452, 511883816, 335807, 331
276, 519372800, 517156056, 648576508, 131420452, 511883816, 112202954, 331
277, 519372800, 517175796, 648596248, 131420452, 511883816, 337997, 331
278, 524943360, 520282372, 653848720, 133566348, 520273960, 112202984, 150322066
279, 524943360, 520302008, 653868356, 133566348, 520273960, 337254, 331
280, 527761408, 525546280, 659112628, 133566348, 520273960, 112202954, 331
281, 527761408, 525565948, 659132296, 133566348, 520273960, 336997, 331
282, 533331968, 528672656, 664384768, 135712112, 528664244, 112202984, 150330276
283, 533331968, 528692904, 664405016, 135712112, 528664244, 342319, 331
284, 536150016, 533937176, 669649288, 135712112, 528664244, 112202954, 331
285, 536150016, 533956984, 669669096, 135712112, 528664244, 338370, 331
286, 541786112, 537063248, 674921568, 137858320, 537054836, 112202984, 150350592
287, 541786112, 537083064, 674941384, 137858320, 537054836, 338324, 331
288, 541786112, 537084472, 674942792, 137858320, 537054836, 6329, 331
289, 541786112, 537116268, 674974588, 137858320, 537054836, 430187, 331
290, 541786112, 537118040, 674976360, 137858320, 537054836, 12297, 331
291, 541786112, 537157872, 675016192, 137858320, 537054836, 696455, 331
292, 544604160, 542402184, 680260504, 137858320, 537054836, 112202954, 331
293, 544669696, 542422744, 680281064, 137858320, 537054836, 344139, 331
294, 550240256, 545459740, 685533536, 140073796, 545451328, 112202984, 150707075
295, 550240256, 545480380, 685554176, 140073796, 545451328, 345108, 331
296, 552927232, 550724652, 690798448, 140073796, 545451328, 112202954, 331
297, 552992768, 550744940, 690818736, 140073796, 545451328, 341683, 331
298, 558563328, 553850604, 696071208, 142220604, 553842192, 112202984, 150365102
299, 558563328, 553870508, 696091112, 142220604, 553842192, 339036, 331
300, 561315840, 559114780, 701335384, 142220604, 553842192, 112202954, 331
301, 561381376, 559134672, 701355276, 142220604, 553842192, 338695, 331
302, 566951936, 562241140, 706607748, 144366608, 562232728, 112202984, 150345803
303, 566951936, 562261040, 706627648, 144366608, 562232728, 338621, 331
304, 569704448, 567505312, 711871920, 144366608, 562232728, 112202954, 331
305, 569769984, 567525228, 711891836, 144366608, 562232728, 338516, 331
306, 575340544, 570631528, 717144308, 146512780, 570623116, 112202984, 150336071
307, 575340544, 570651476, 717164256, 146512780, 570623116, 338876, 331
308, 578093056, 575895748, 722408528, 146512780, 570623116, 112202954, 331
309, 578158592, 575915272, 722428052, 146512780, 570623116, 335714, 331
310, 583729152, 579021868, 727680524, 148658656, 579013456, 112202984, 150331048
311, 583729152, 579041496, 727700152, 148658656, 579013456, 336658, 331
312, 586481664, 584285768, 732944424, 148658656, 579013456, 112202954, 331
313, 586547200, 584305508, 732964164, 148658656, 579013456, 338079, 331
314, 592117760, 587412076, 738216636, 150804560, 587403664, 112202984, 150326426
315, 592117760, 587431848, 738236408, 150804560, 587403664, 338190, 331
316, 594870272, 592676120, 743480680, 150804560, 587403664, 112202954, 331
317, 594935808, 592695788, 743500348, 150804560, 587403664, 337049, 331
318, 600506368, 595802440, 748752820, 152950380, 595794028, 112202984, 150334443
319, 600506368, 595822696, 748773076, 152950380, 595794028, 342428, 331
320, 603258880, 601066968, 754017348, 152950380, 595794028, 112202954, 331
321, 603324416, 601086840, 754037220, 152950380, 595794028, 338663, 331
322, 608894976, 604193024, 759289692, 155096668, 604184612, 112202984, 150349870
323, 608894976, 604212912, 759309580, 155096668, 604184612, 338787, 331
324, 608894976, 604214320, 759310988, 155096668, 604184612, 6329, 331
325, 608894976, 604243476, 759340144, 155096668, 604184612, 404616, 331
326, 608894976, 604245248, 759341916, 155096668, 604184612, 12297, 331
327, 608894976, 604283716, 759380384, 155096668, 604184612, 684175, 331
328, 611778560, 609528028, 764624696, 155096668, 604184612, 112202954, 331
329, 611778560, 609547824, 764644492, 155096668, 604184612, 337711, 331
330, 617349120, 612588140, 769896964, 157308824, 612579728, 112202984, 150611724
331, 617349120, 612608340, 769917164, 157308824, 612579728, 341851, 331
332, 620101632, 617852612, 775161436, 157308824, 612579728, 112202954, 331
333, 620101632, 617872468, 775181292, 157308824, 612579728, 338471, 331
334, 625672192, 620978764, 780433764, 159455000, 620970352, 112202984, 150352168
335, 625672192, 620998660, 780453660, 159455000, 620970352, 338842, 331
336, 628490240, 626242932, 785697932, 159455000, 620970352, 112202954, 331
337, 628490240, 626262760, 785717760, 159455000, 620970352, 338289, 331
338, 634060800, 629369308, 790970232, 161600924, 629360896, 112202984, 150346883
339, 634060800, 629389136, 790990060, 161600924, 629360896, 338107, 331
340, 636878848, 634633408, 796234332, 161600924, 629360896, 112202954, 331
341, 636878848, 634653172, 796254096, 161600924, 629360896, 337396, 331
342, 642449408, 637759648, 801506568, 163746920, 637751236, 112202984, 150332956
343, 642449408, 637779420, 801526340, 163746920, 637751236, 337688, 331
344, 645267456, 643023692, 806770612, 163746920, 637751236, 112202954, 331
345, 645267456, 643043560, 806790480, 163746920, 637751236, 338238, 331
346, 650838016, 646149956, 812042952, 165892996, 646141544, 112202984, 150330865
347, 650838016, 646169936, 812062932, 165892996, 646141544, 339412, 331
348, 653656064, 651414208, 817307204, 165892996, 646141544, 112202954, 331
349, 653656064, 651434308, 817327304, 165892996, 646141544, 340563, 331
350, 659226624, 654540388, 822579776, 168039388, 654531976, 112202984, 150339233
351, 659226624, 654560520, 822599908, 168039388, 654531976, 340766, 331
352, 662044672, 659804792, 827844180, 168039388, 654531976, 112202954, 331
353, 662044672, 659824972, 827864360, 168039388, 654531976, 340865, 331
354, 667615232, 662930960, 833116832, 170185872, 662922548, 112202984, 150346102
355, 685899776, 662959912, 833145784, 170185872, 662931336, 346026, 331
356, 685899776, 668204184, 838390056, 170185872, 662931336, 112202924, 331
357, 685899776, 668224568, 838410440, 170185872, 662931336, 342505, 331
358, 685899776, 671330648, 843662912, 172332264, 671322236, 112202924, 150367267
359, 685899776, 671351032, 843683296, 172332264, 671322236, 342385, 331

