Step, Memory, Heap, Allocated, Reclaimed, Live, Mutator, Collector
0, 2228224, 14772, 14772, 0, 0, 9743, 335
1, 2228224, 41772, 41772, 0, 0, 360074, 335
2, 2228224, 43532, 43532, 0, 0, 11670, 335
3, 2293760, 80556, 80556, 0, 0, 631073, 335
4, 7536640, 5324856, 5324856, 0, 0, 112202792, 335
5, 7536640, 5344180, 5344180, 0, 0, 311968, 335
6, 13107200, 8405808, 10596644, 2190836, 8397396, 112202792, 138748391
7, 13107200, 8425212, 10616048, 2190836, 8397396, 313642, 335
8, 15859712, 13669480, 15860316, 2190836, 8397396, 112202873, 335
9, 15859712, 13688732, 15879568, 2190836, 8397396, 312651, 335
10, 21430272, 16795528, 21132036, 4336508, 16787116, 112202910, 138346685
11, 21430272, 16814852, 21151360, 4336508, 16787116, 313514, 335
12, 24248320, 22059120, 26395628, 4336508, 16787116, 112202873, 335
13, 24248320, 22078452, 26414960, 4336508, 16787116, 314009, 335
14, 29884416, 25185216, 31667428, 6482212, 25176804, 112202910, 138345546
15, 29884416, 25204612, 31686824, 6482212, 25176804, 314732, 335
16, 32636928, 30448880, 36931092, 6482212, 25176804, 112202873, 335
17, 32636928, 30468132, 36950344, 6482212, 25176804, 313818, 335
18, 38273024, 33574936, 42202812, 8627876, 33566524, 112202947, 138346580
19, 38273024, 33602388, 42230264, 8627876, 33575308, 314208, 335
20, 41025536, 38846656, 47474532, 8627876, 33575308, 112202873, 335
21, 41091072, 38866364, 47494240, 8627876, 33575308, 318335, 335
22, 46661632, 41973680, 52746708, 10773028, 41965268, 112202910, 138362467
23, 46661632, 41993136, 52766164, 10773028, 41965268, 315262, 335
24, 49414144, 47237404, 58010432, 10773028, 41965268, 112202873, 335
25, 49479680, 47256792, 58029820, 10773028, 41965268, 315020, 335
26, 55050240, 50363448, 63282288, 12918840, 50355036, 112202910, 138349536
27, 55050240, 50382916, 63301756, 12918840, 50355036, 315747, 335
28, 57802752, 55627184, 68546024, 12918840, 50355036, 112202873, 335
29, 57868288, 55646716, 68565556, 12918840, 50355036, 316301, 335
30, 63438848, 58753260, 73818024, 15064764, 58744848, 112202910, 138352339
31, 63438848, 58772864, 73837628, 15064764, 58744848, 316952, 335
32, 66191360, 64017132, 79081896, 15064764, 58744848, 112202873, 335
33, 66256896, 64036808, 79101572, 15064764, 58744848, 317645, 335
34, 71827456, 67143152, 84354040, 17210888, 67134740, 112202910, 138356056
35, 71827456, 67162908, 84373796, 17210888, 67134740, 318268, 335
36, 71827456, 67164312, 84375200, 17210888, 67134740, 6201, 335
37, 71827456, 67192048, 84402936, 17210888, 67134740, 370683, 335
38, 71827456, 67193816, 84404704, 17210888, 67134740, 11788, 335
39, 71827456, 67231528, 84442416, 17210888, 67134740, 638337, 335
40, 74645504, 72475836, 89686724, 17210888, 67134740, 112202873, 335
41, 74711040, 72496180, 89707068, 17210888, 67134740, 322832, 335
42, 80281600, 75536252, 94959536, 19423284, 75527840, 112202910, 138528200
43, 80281600, 75564868, 94988152, 19423284, 75536624, 323651, 335
44, 83034112, 80809136, 100232420, 19423284, 75536624, 112202873, 335
45, 83034112, 80828924, 100252208, 19423284, 75536624, 317348, 335
46, 88604672, 83935532, 105504676, 21569144, 83927120, 112202910, 138390933
47, 88604672, 83955400, 105524544, 21569144, 83927120, 318470, 335
48, 91422720, 89199668, 110768812, 21569144, 83927120, 112202873, 335
49, 91422720, 89219608, 110788752, 21569144, 83927120, 319366, 335
50, 96993280, 92325600, 116041220, 23715620, 92317188, 112202910, 138365256
51, 96993280, 92345468, 116061088, 23715620, 92317188, 318837, 335
52, 99811328, 97589736, 121305356, 23715620, 92317188, 112202873, 335
53, 99811328, 97609172, 121324792, 23715620, 92317188, 315223, 335
54, 105381888, 100715668, 126577260, 25861592, 100707256, 112202910, 138365318
55, 105381888, 100735176, 126596768, 25861592, 100707256, 316081, 335
56, 108199936, 105979444, 131841036, 25861592, 100707256, 112202873, 335
57, 108199936, 105998952, 131860544, 25861592, 100707256, 316537, 335
58, 113770496, 109105536, 137113012, 28007476, 109097124, 112202910, 138355309
59, 113770496, 109125108, 137132584, 28007476, 109097124, 316783, 335
60, 116588544, 114369376, 142376852, 28007476, 109097124, 112202873, 335
61, 116588544, 114389032, 142396508, 28007476, 109097124, 317619, 335
62, 122159104, 117495380, 147648976, 30153596, 117486968, 112202910, 138353369
63, 122159104, 117514900, 147668496, 30153596, 117486968, 316430, 335
64, 124977152, 122759168, 152912764, 30153596, 117486968, 112202873, 335
65, 124977152, 122778760, 152932356, 30153596, 117486968, 317027, 335
66, 130547712, 125885272, 158184824, 32299552, 125876860, 112202910, 138357017
67, 130547712, 125905248, 158204800, 32299552, 125876860, 321190, 335
68, 133365760, 131149516, 163449068, 32299552, 125876860, 112202873, 335
69, 133365760, 131169564, 163469116, 32299552, 125876860, 321557, 335
70, 138936320, 134275852, 168721584, 34445732, 134267440, 112202910, 138399920
71, 138936320, 134295588, 168741320, 34445732, 134267440, 318264, 335
72, 138936320, 134296992, 168742724, 34445732, 134267440, 6201, 335
73, 138936320, 134324440, 168770172, 34445732, 134267440, 370870, 335
74, 138936320, 134326208, 168771940, 34445732, 134267440, 11788, 335
75, 138936320, 134363680, 168809412, 34445732, 134267440, 638308, 335
76, 141819904, 139607988, 174053720, 34445732, 134267440, 112202873, 335
77, 141819904, 139627828, 174073560, 34445732, 134267440, 318370, 335
78, 147390464, 142668656, 179326028, 36657372, 142660244, 112202910, 138509288
79, 147390464, 142688380, 179345752, 36657372, 142660244, 318181, 335
80, 150142976, 147932648, 184590020, 36657372, 142660244, 112202873, 335
81, 150142976, 147952436, 184609808, 36657372, 142660244, 318556, 335
82, 155713536, 151058636, 189862276, 38803640, 151050224, 112202910, 138360538
83, 155713536, 151078260, 189881900, 38803640, 151050224, 317065, 335
84, 158531584, 156322528, 195126168, 38803640, 151050224, 112202873, 335
85, 158531584, 156342232, 195145872, 38803640, 151050224, 317566, 335
86, 164102144, 159448616, 200398340, 40949724, 159440204, 112202910, 138361200
87, 166658048, 159476924, 200426648, 40949724, 159448988, 321888, 335
88, 166920192, 164721192, 205670916, 40949724, 159448988, 112202873, 335
89, 166920192, 164741372, 205691096, 40949724, 159448988, 322311, 335
90, 172490752, 167848064, 210943564, 43095500, 167839652, 112202910, 138403573
91, 172490752, 167867760, 210963260, 43095500, 167839652, 317814, 335
92, 175308800, 173112028, 216207528, 43095500, 167839652, 112202873, 335
93, 175308800, 173131796, 216227296, 43095500, 167839652, 318409, 335
94, 180879360, 176238076, 221479764, 45241688, 176229664, 112202910, 138362276
95, 180879360, 176257924, 221499612, 45241688, 176229664, 318997, 335
96, 183697408, 181502192, 226743880, 45241688, 176229664, 112202873, 335
97, 183697408, 181522124, 226763812, 45241688, 176229664, 319835, 335
98, 189267968, 184628084, 232016280, 47388196, 184619672, 112202910, 138361856
99, 189267968, 184647872, 232036068, 47388196, 184619672, 318665, 335
100, 192086016, 189892140, 237280336, 47388196, 184619672, 112202873, 335
101, 192086016, 189911848, 237300044, 47388196, 184619672, 317847, 335
102, 197656576, 193018160, 242552512, 49534352, 193009748, 112202910, 138366140
103, 197656576, 193037724, 242572076, 49534352, 193009748, 316871, 335
104, 200474624, 198281992, 247816344, 49534352, 193009748, 112202873, 335
105, 200474624, 198301628, 247835980, 49534352, 193009748, 316991, 335
106, 206045184, 201408116, 253088448, 51680332, 201399704, 112202910, 138360000
107, 206045184, 201427760, 253108092, 51680332, 201399704, 317375, 335
108, 206045184, 201429164, 253109496, 51680332, 201399704, 6201, 335
109, 206045184, 201456684, 253137016, 51680332, 201399704, 373187, 335
110, 206045184, 201458452, 253138784, 51680332, 201399704, 11788, 335
111, 206045184, 201495948, 253176280, 51680332, 201399704, 639208, 335
112, 208928768, 206740256, 258420588, 51680332, 201399704, 112202873, 335
113, 208928768, 206760104, 258440436, 51680332, 201399704, 318844, 335
114, 214564864, 209800908, 263692904, 53891996, 209792496, 112202947, 138508335
115, 214564864, 209820820, 263712816, 53891996, 209792496, 319318, 335
116, 217251840, 215065088, 268957084, 53891996, 209792496, 112202873, 335
117, 217317376, 215084784, 268976780, 53891996, 209792496, 317732, 335
118, 222887936, 218191040, 274229252, 56038212, 218182628, 112202910, 138367803
119, 222887936, 218210808, 274249020, 56038212, 218182628, 318320, 335
120, 225640448, 223455080, 279493292, 56038212, 218182628, 112202873, 335
121, 225705984, 223474856, 279513068, 56038212, 218182628, 318236, 335
122, 231276544, 226581100, 284765540, 58184440, 226572688, 112202910, 138365248
123, 231276544, 226600948, 284785388, 58184440, 226572688, 318823, 335
124, 234029056, 231845220, 290029660, 58184440, 226572688, 112202873, 335
125, 234094592, 231865132, 290049572, 58184440, 226572688, 319441, 335
126, 239665152, 234971192, 295302044, 60330852, 234962780, 112202910, 138366461
127, 239665152, 234991032, 295321884, 60330852, 234962780, 319354, 335
128, 242417664, 240235304, 300566156, 60330852, 234962780, 112202873, 335
129, 242483200, 240255536, 300586388, 60330852, 234962780, 323099, 335
130, 248053760, 243361616, 305838860, 62477244, 243353204, 112202910, 138387425
131, 248053760, 243381536, 305858780, 62477244, 243353204, 320001, 335
132, 250806272, 248625808, 311103052, 62477244, 243353204, 112202873, 335
133, 250871808, 248646196, 311123440, 62477244, 243353204, 324319, 335
134, 256442368, 251751956, 316375912, 64623956, 251743544, 112202910, 138382803
135, 256442368, 251771880, 316395836, 64623956, 251743544, 320238, 335
136, 259194880, 257016152, 321640108, 64623956, 251743544, 112202873, 335
137, 259260416, 257036156, 321660112, 64623956, 251743544, 320771, 335
138, 264830976, 260142120, 326912584, 66770464, 260133708, 112202910, 138370382
139, 264830976, 260162196, 326932660, 66770464, 260133708, 321135, 335
140, 267583488, 265406468, 332176932, 66770464, 260133708, 112202873, 335
141, 267649024, 265426392, 332196856, 66770464, 260133708, 319907, 335
142, 273219584, 268532356, 337449328, 68916972, 268523944, 112202910, 138374236
143, 273219584, 268552364, 337469336, 68916972, 268523944, 320925, 335
144, 273219584, 268553772, 337470744, 68916972, 268523944, 6201, 335
145, 273219584, 268581576, 337498548, 68916972, 268523944, 377331, 335
146, 273219584, 268583348, 337500320, 68916972, 268523944, 11788, 335
147, 273219584, 268621104, 337538076, 68916972, 268523944, 642343, 335
148, 276037632, 273865416, 342782388, 68916972, 268523944, 112202873, 335
149, 276103168, 273885920, 342802892, 68916972, 268523944, 324965, 335
150, 281673728, 276925684, 348055364, 71129680, 276917272, 112202910, 138540649
151, 281673728, 276946552, 348076232, 71129680, 276917272, 328405, 335
152, 284360704, 282190824, 353320504, 71129680, 276917272, 112202873, 335
153, 284426240, 282211764, 353341444, 71129680, 276917272, 328862, 335
154, 289996800, 285316656, 358593916, 73277260, 285308244, 112202910, 138419346
155, 289996800, 285336932, 358614192, 73277260, 285308244, 322336, 335
156, 292749312, 290581204, 363858464, 73277260, 285308244, 112202873, 335
157, 292814848, 290601488, 363878748, 73277260, 285308244, 322446, 335
158, 298385408, 293706996, 369131220, 75424224, 293698584, 112202910, 138379421
159, 298385408, 293727728, 369151952, 75424224, 293698584, 326679, 335
160, 301203456, 298972000, 374396224, 75424224, 293698584, 112202873, 335
161, 301203456, 298992588, 374416812, 75424224, 293698584, 325717, 335
162, 306774016, 302098016, 379669284, 77571268, 302089604, 112202910, 138421345
163, 306774016, 302117488, 379688756, 77571268, 302089604, 315603, 335
164, 309592064, 307361760, 384933028, 77571268, 302089604, 112202873, 335
165, 309592064, 307381304, 384952572, 77571268, 302089604, 315666, 335
166, 315162624, 310487948, 390205044, 79717096, 310479536, 112202910, 138359011
167, 315162624, 310507564, 390224660, 79717096, 310479536, 316029, 335
168, 317980672, 315751836, 395468932, 79717096, 310479536, 112202873, 335
169, 317980672, 315771588, 395488684, 79717096, 310479536, 318350, 335
170, 323551232, 318877900, 400741156, 81863256, 318869488, 112202910, 138360067
171, 323551232, 318897716, 400760972, 81863256, 318869488, 318952, 335
172, 326369280, 324141988, 406005244, 81863256, 318869488, 112202873, 335
173, 326369280, 324162220, 406025476, 81863256, 318869488, 323962, 335
174, 331939840, 327268368, 411277948, 84009580, 327259956, 112202910, 138390033
175, 339673088, 327296528, 411306108, 84009580, 327268744, 321039, 335
176, 339673088, 332540800, 416550380, 84009580, 327268744, 112202836, 335
177, 339673088, 332560492, 416570072, 84009580, 327268744, 318023, 335
178, 340328448, 335667500, 421822544, 86155044, 335659088, 112202873, 138384289
179, 340328448, 335687120, 421842164, 86155044, 335659088, 317262, 335
180, 340328448, 335688528, 421843572, 86155044, 335659088, 6201, 335
181, 340328448, 335715908, 421870952, 86155044, 335659088, 375906, 335
182, 340328448, 335717680, 421872724, 86155044, 335659088, 11788, 335
183, 340328448, 335755044, 421910088, 86155044, 335659088, 640630, 335
184, 343212032, 340999356, 427154400, 86155044, 335659088, 112202873, 335
185, 343212032, 341019088, 427174132, 86155044, 335659088, 317919, 335
186, 348782592, 344060360, 432426604, 88366244, 344051948, 112202910, 138512249
187, 348782592, 344080164, 432446408, 88366244, 344051948, 318677, 335
188, 351535104, 349324436, 437690680, 88366244, 344051948, 112202873, 335
189, 351535104, 349344312, 437710556, 88366244, 344051948, 319305, 335
190, 357105664, 352450516, 442963028, 90512512, 352442104, 112202910, 138369916
191, 357105664, 352470796, 442983308, 90512512, 352442104, 323559, 335
192, 359923712, 357715068, 448227580, 90512512, 352442104, 112202873, 335
193, 359923712, 357735044, 448247556, 90512512, 352442104, 320437, 335
194, 365494272, 360841012, 453500028, 92659016, 360832600, 112202910, 138391629
195, 365494272, 360861060, 453520076, 92659016, 360832600, 320649, 335
196, 368312320, 366105332, 458764348, 92659016, 360832600, 112202873, 335
197, 368312320, 366125444, 458784460, 92659016, 360832600, 320456, 335
198, 373882880, 369231256, 464036932, 94805676, 369222844, 112202910, 138373925
199, 373882880, 369251088, 464056764, 94805676, 369222844, 318414, 335
200, 376700928, 374495360, 469301036, 94805676, 369222844, 112202873, 335
201, 376700928, 374515264, 469320940, 94805676, 369222844, 318579, 335
202, 382271488, 377621388, 474573412, 96952024, 377612976, 112202910, 138369168
203, 382271488, 377641364, 474593388, 96952024, 377612976, 318928, 335
204, 385089536, 382885636, 479837660, 96952024, 377612976, 112202873, 335
205, 385089536, 382905604, 479857628, 96952024, 377612976, 320511, 335
206, 390660096, 386011540, 485110100, 99098560, 386003128, 112202910, 138370134
207, 390660096, 386031572, 485130132, 99098560, 386003128, 320723, 335
208, 393478144, 391275844, 490374404, 99098560, 386003128, 112202873, 335
209, 393478144, 391295956, 490394516, 99098560, 386003128, 321078, 335
210, 399048704, 394401848, 495646988, 101245140, 394393436, 112202910, 138378628
211, 399048704, 394422148, 495667288, 101245140, 394393436, 323994, 335
212, 401866752, 399666420, 500911560, 101245140, 394393436, 112202873, 335
213, 401866752, 399686040, 500931180, 101245140, 394393436, 317596, 335
214, 407437312, 402792360, 506183652, 103391292, 402783948, 112202910, 138392373
215, 407437312, 402812060, 506203352, 103391292, 402783948, 317886, 335
216, 407437312, 402813468, 506204760, 103391292, 402783948, 6201, 335
217, 407437312, 402840984, 506232276, 103391292, 402783948, 378825, 335
218, 407437312, 402842756, 506234048, 103391292, 402783948, 11788, 335
219, 407437312, 402880264, 506271556, 103391292, 402783948, 642479, 335
220, 410320896, 408124576, 511515868, 103391292, 402783948, 112202873, 335
221, 410320896, 408144532, 511535824, 103391292, 402783948, 319821, 335
222, 415891456, 411185268, 516788296, 105603028, 411176856, 112202910, 138515060
223, 415891456, 411205000, 516808028, 105603028, 411176856, 318455, 335
224, 418643968, 416449272, 522052300, 105603028, 411176856, 112202873, 335
225, 418643968, 416469076, 522072104, 105603028, 411176856, 319093, 335
226, 424214528, 419575384, 527324576, 107749192, 419566972, 112202910, 138367759
227, 424214528, 419595268, 527344460, 107749192, 419566972, 319918, 335
228, 427032576, 424839540, 532588732, 107749192, 419566972, 112202873, 335
229, 427032576, 424859444, 532608636, 107749192, 419566972, 319957, 335
230, 432603136, 427965552, 537861108, 109895556, 427957140, 112202910, 138371075
231, 432603136, 427985528, 537881084, 109895556, 427957140, 320166, 335
232, 435421184, 433229800, 543125356, 109895556, 427957140, 112202873, 335
233, 435421184, 433249624, 543145180, 109895556, 427957140, 318410, 335
234, 440991744, 436355756, 548397652, 112041896, 436347344, 112202910, 138372310
235, 440991744, 436375660, 548417556, 112041896, 436347344, 318937, 335
236, 443809792, 441619932, 553661828, 112041896, 436347344, 112202873, 335
237, 443809792, 441639900, 553681796, 112041896, 436347344, 319071, 335
238, 449445888, 444745920, 558934268, 114188348, 444737508, 112202910, 138370307
239, 449445888, 444765968, 558954316, 114188348, 444737508, 319563, 335
240, 452198400, 450010240, 564198588, 114188348, 444737508, 112202873, 335
241, 452198400, 450029776, 564218124, 114188348, 444737508, 317252, 335
242, 457834496, 453136112, 569470596, 116334484, 453127700, 112202947, 138372063
243, 457834496, 453155720, 569490204, 116334484, 453127700, 317636, 335
244, 460587008, 458399992, 574734476, 116334484, 453127700, 112202873, 335
245, 460652544, 458419672, 574754156, 116334484, 453127700, 317859, 335
246, 466223104, 461526180, 580006628, 118480448, 461517768, 112202910, 138366178
247, 466223104, 461546184, 580026632, 118480448, 461517768, 321982, 335
248, 468975616, 466790456, 585270904, 118480448, 461517768, 112202873, 335
249, 469041152, 466810156, 585290604, 118480448, 461517768, 318599, 335
250, 474611712, 469916540, 590543076, 120626536, 469908128, 112202910, 138385241
251, 474611712, 469936304, 590562840, 120626536, 469908128, 318582, 335
252, 474611712, 469937712, 590564248, 120626536, 469908128, 6201, 335
253, 474611712, 469965452, 590591988, 120626536, 469908128, 382805, 335
254, 474611712, 469967224, 590593760, 120626536, 469908128, 11788, 335
255, 474611712, 470004620, 590631156, 120626536, 469908128, 643188, 335
256, 477429760, 475248932, 595875468, 120626536, 469908128, 112202873, 335
257, 477495296, 475268592, 595895128, 120626536, 469908128, 318173, 335
258, 483065856, 478309568, 601147600, 122838032, 478301156, 112202910, 138520878
259, 483065856, 478329300, 601167332, 122838032, 478301156, 318989, 335
260, 485752832, 483573572, 606411604, 122838032, 478301156, 112202873, 335
261, 485818368, 483593376, 606431408, 122838032, 478301156, 319319, 335
262, 491388928, 486699684, 611683880, 124984196, 486691272, 112202910, 138368013
263, 491388928, 486719560, 611703756, 124984196, 486691272, 319732, 335
264, 494141440, 491963832, 616948028, 124984196, 486691272, 112202873, 335
265, 494206976, 491983728, 616967924, 124984196, 486691272, 319805, 335
266, 499777536, 495089844, 622220396, 127130552, 495081432, 112202910, 138370138
267, 499777536, 495109308, 622239860, 127130552, 495081432, 316220, 335
268, 502530048, 500353580, 627484132, 127130552, 495081432, 112202873, 335
269, 502595584, 500373116, 627503668, 127130552, 495081432, 316140, 335
270, 508166144, 503479768, 632756140, 129276372, 503471356, 112202910, 138358074
271, 508166144, 503499384, 632775756, 129276372, 503471356, 316691, 335
272, 510918656, 508743656, 638020028, 129276372, 503471356, 112202873, 335
273, 510984192, 508763200, 638039572, 129276372, 503471356, 315931, 335
274, 516554752, 511869780, 643292044, 131422264, 511861368, 112202910, 138362381
275, 516554752, 511889388, 643311652, 131422264, 511861368, 316377, 335
276, 519307264, 517133660, 648555924, 131422264, 511861368, 112202873, 335
277, 519372800, 517153340, 648575604, 131422264, 511861368, 318332, 335
278, 524943360, 520259732, 653828076, 133568344, 520251320, 112202910, 138360067
279, 524943360, 520279340, 653847684, 133568344, 520251320, 317645, 335
280, 527695872, 525523612, 659091956, 133568344, 520251320, 112202873, 335
281, 527761408, 525543284, 659111628, 133568344, 520251320, 317664, 335
282, 533331968, 528649792, 664364100, 135714308, 528641380, 112202910, 138365810
283, 533331968, 528669868, 664384176, 135714308, 528641380, 322271, 335
284, 536084480, 533914140, 669628448, 135714308, 528641380, 112202873, 335
285, 536150016, 533933840, 669648148, 135714308, 528641380, 318454, 335
286, 541720576, 537040192, 674900620, 137860428, 537031780, 112202910, 138386676
287, 541720576, 537059964, 674920392, 137860428, 537031780, 318567, 335
288, 541720576, 537061372, 674921800, 137860428, 537031780, 6201, 335
289, 541720576, 537091560, 674951988, 137860428, 537031780, 407096, 335
290, 541720576, 537093332, 674953760, 137860428, 537031780, 11788, 335
291, 541720576, 537132400, 674992828, 137860428, 537031780, 658101, 335
292, 544604160, 542376712, 680237140, 137860428, 537031780, 112202873, 335
293, 544604160, 542397116, 680257544, 137860428, 537031780, 324331, 335
294, 550174720, 545436548, 685510016, 140073468, 545428136, 112202910, 138730423
295, 550174720, 545457032, 685530500, 140073468, 545428136, 325323, 335
296, 552927232, 550701304, 690774772, 140073468, 545428136, 112202873, 335
297, 552927232, 550721468, 690794936, 140073468, 545428136, 321980, 335
298, 558497792, 553827188, 696047408, 142220220, 553818776, 112202910, 138398659
299, 558497792, 553847000, 696067220, 142220220, 553818776, 319458, 335
300, 561315840, 559091272, 701311492, 142220220, 553818776, 112202873, 335
301, 561315840, 559111024, 701331244, 142220220, 553818776, 318767, 335
302, 566886400, 562217308, 706583716, 144366408, 562208896, 112202910, 138368214
303, 566886400, 562237132, 706603540, 144366408, 562208896, 318919, 335
304, 569704448, 567481404, 711847812, 144366408, 562208896, 112202873, 335
305, 569704448, 567501308, 711867716, 144366408, 562208896, 319002, 335
306, 575275008, 570607440, 717120188, 146512748, 570599028, 112202910, 138369014
307, 575275008, 570627408, 717140156, 146512748, 570599028, 319313, 335
308, 578093056, 575871680, 722384428, 146512748, 570599028, 112202873, 335
309, 578093056, 575891224, 722403972, 146512748, 570599028, 315933, 335
310, 583663616, 578997652, 727656444, 148658792, 578989240, 112202910, 138373068
311, 583663616, 579017268, 727676060, 148658792, 578989240, 316794, 335
312, 586481664, 584261540, 732920332, 148658792, 578989240, 112202873, 335
313, 586481664, 584281220, 732940012, 148658792, 578989240, 318049, 335
314, 592052224, 587387604, 738192484, 150804880, 587379192, 112202910, 138359429
315, 592052224, 587407364, 738212244, 150804880, 587379192, 318395, 335
316, 594870272, 592651636, 743456516, 150804880, 587379192, 112202873, 335
317, 594870272, 592671308, 743476188, 150804880, 587379192, 317526, 335
318, 600440832, 595777744, 748728660, 152950916, 595769332, 112202910, 138369721
319, 600440832, 595797828, 748748744, 152950916, 595769332, 322510, 335
320, 603258880, 601042100, 753993016, 152950916, 595769332, 112202873, 335
321, 603258880, 601061864, 754012780, 152950916, 595769332, 318806, 335
322, 608829440, 604168136, 759265252, 155097116, 604159724, 112202910, 138386396
323, 608829440, 604187980, 759285096, 155097116, 604159724, 319158, 335
324, 608829440, 604189388, 759286504, 155097116, 604159724, 6201, 335
325, 608829440, 604217800, 759314916, 155097116, 604159724, 384781, 335
326, 608829440, 604219572, 759316688, 155097116, 604159724, 11788, 335
327, 608829440, 604257580, 759354696, 155097116, 604159724, 646491, 335
328, 611713024, 609501892, 764599008, 155097116, 604159724, 112202873, 335
329, 611713024, 609521676, 764618792, 155097116, 604159724, 318575, 335
330, 617283584, 612561708, 769871264, 157309556, 612553296, 112202910, 138548771
331, 617283584, 612581752, 769891308, 157309556, 612553296, 322099, 335
332, 620036096, 617826024, 775135580, 157309556, 612553296, 112202873, 335
333, 620036096, 617845756, 775155312, 157309556, 612553296, 318619, 335
334, 625606656, 620952108, 780407784, 159455676, 620943696, 112202910, 138386458
335, 625606656, 620971912, 780427588, 159455676, 620943696, 319083, 335
336, 628424704, 626216184, 785671860, 159455676, 620943696, 112202873, 335
337, 628424704, 626235872, 785691548, 159455676, 620943696, 318214, 335
338, 633995264, 629342236, 790944020, 161601784, 629333824, 112202910, 138369046
339, 633995264, 629361988, 790963772, 161601784, 629333824, 318226, 335
340, 636813312, 634606260, 796208044, 161601784, 629333824, 112202873, 335
341, 636813312, 634626012, 796227796, 161601784, 629333824, 317731, 335
342, 642383872, 637732320, 801480268, 163747948, 637723908, 112202910, 138365856
343, 642383872, 637752080, 801500028, 163747948, 637723908, 318022, 335
344, 645201920, 642996352, 806744300, 163747948, 637723908, 112202873, 335
345, 645201920, 643016176, 806764124, 163747948, 637723908, 318591, 335
346, 650772480, 646122404, 812016596, 165894192, 646113992, 112202910, 138366275
347, 650772480, 646142308, 812036500, 165894192, 646113992, 319654, 335
348, 653590528, 651386580, 817280772, 165894192, 646113992, 112202873, 335
349, 653590528, 651406620, 817300812, 165894192, 646113992, 320875, 335
350, 659161088, 654512516, 822553284, 168040768, 654504104, 112202910, 138368147
351, 659161088, 654532620, 822573388, 168040768, 654504104, 321237, 335
352, 661979136, 659776892, 827817660, 168040768, 654504104, 112202873, 335
353, 661979136, 659797076, 827837844, 168040768, 654504104, 321572, 335
354, 667549696, 662902864, 833090316, 170187452, 662894452, 112202910, 138380681
355, 685834240, 662931644, 833119096, 170187452, 662903240, 326215, 335
356, 685834240, 668175916, 838363368, 170187452, 662903240, 112202836, 335
357, 685834240, 668196192, 838383644, 170187452, 662903240, 322789, 335
358, 685834240, 671302360, 843636116, 172333756, 671293948, 112202836, 138403225
359, 685834240, 671322700, 843656456, 172333756, 671293948, 322863, 335

