Step, Memory, Heap, Allocated, Reclaimed, Live, Mutator, Collector
0, 2228224, 14772, 14772, 0, 0, 9983, 335
1, 2293760, 41652, 41652, 0, 0, 379763, 335
2, 2293760, 43412, 43412, 0, 0, 12288, 335
3, 2293760, 80288, 80288, 0, 0, 667570, 335
4, 7536640, 5324588, 5324588, 0, 0, 112203002, 335
5, 7536640, 5343892, 5343892, 0, 0, 332472, 335
6, 13172736, 8405800, 10596356, 2190556, 8397388, 112203002, 150715000
7, 13172736, 8425216, 10615772, 2190556, 8397388, 334241, 335
8, 15925248, 13669484, 15860040, 2190556, 8397388, 112203120, 335
9, 15925248, 13688780, 15879336, 2190556, 8397388, 333353, 335
10, 21495808, 16795552, 21131804, 4336252, 16787140, 112203120, 150297231
11, 21495808, 16814952, 21151204, 4336252, 16787140, 334343, 335
12, 24313856, 22059220, 26395472, 4336252, 16787140, 112203083, 335
13, 24313856, 22078660, 26414912, 4336252, 16787140, 334566, 335
14, 29884416, 25185336, 31667380, 6482044, 25176924, 112203120, 150300186
15, 29884416, 25204872, 31686916, 6482044, 25176924, 335416, 335
16, 32702464, 30449140, 36931184, 6482044, 25176924, 112203083, 335
17, 32702464, 30468564, 36950608, 6482044, 25176924, 334605, 335
18, 38273024, 33575216, 42203076, 8627860, 33566804, 112203120, 150305941
19, 38273024, 33602872, 42230732, 8627860, 33575588, 335114, 335
20, 41091072, 38847140, 47475000, 8627860, 33575588, 112203083, 335
21, 41091072, 38867084, 47494944, 8627860, 33575588, 339333, 335
22, 46661632, 41973960, 52747412, 10773452, 41965548, 112203120, 150312049
23, 46661632, 41993508, 52766960, 10773452, 41965548, 335625, 335
24, 49479680, 47237776, 58011228, 10773452, 41965548, 112203083, 335
25, 49479680, 47257288, 58030740, 10773452, 41965548, 335547, 335
26, 55050240, 50363856, 63283208, 12919352, 50355444, 112203120, 150306759
27, 55050240, 50383448, 63302800, 12919352, 50355444, 336319, 335
28, 57868288, 55627716, 68547068, 12919352, 50355444, 112203083, 335
29, 57868288, 55647404, 68566756, 12919352, 50355444, 336963, 335
30, 63438848, 58754020, 73819224, 15065204, 58745608, 112203120, 150324895
31, 63438848, 58773780, 73838984, 15065204, 58745608, 337659, 335
32, 66256896, 64018048, 79083252, 15065204, 58745608, 112203083, 335
33, 66256896, 64037912, 79103116, 15065204, 58745608, 338442, 335
34, 71827456, 67144328, 84355584, 17211256, 67135916, 112203120, 150332814
35, 71827456, 67164272, 84375528, 17211256, 67135916, 339610, 335
36, 71827456, 67165676, 84376932, 17211256, 67135916, 6441, 335
37, 71827456, 67193676, 84404932, 17211256, 67135916, 391941, 335
38, 71827456, 67195444, 84406700, 17211256, 67135916, 12406, 335
39, 71827456, 67233248, 84444504, 17211256, 67135916, 676032, 335
40, 74711040, 72477556, 89688812, 17211256, 67135916, 112203083, 335
41, 74711040, 72498120, 89709376, 17211256, 67135916, 344255, 335
42, 80281600, 75537948, 94961844, 19423896, 75529536, 112203120, 150520067
43, 80281600, 75566784, 94990680, 19423896, 75538320, 345124, 335
44, 83034112, 80811052, 100234948, 19423896, 75538320, 112203083, 335
45, 83034112, 80830884, 100254780, 19423896, 75538320, 337843, 335
46, 88604672, 83937324, 105507248, 21569924, 83928912, 112203120, 150348214
47, 88604672, 83957268, 105527192, 21569924, 83928912, 338971, 335
48, 91422720, 89201536, 110771460, 21569924, 83928912, 112203083, 335
49, 91422720, 89221616, 110791540, 21569924, 83928912, 340113, 335
50, 96993280, 92327712, 116044008, 23716296, 92319300, 112203120, 150336503
51, 96993280, 92347688, 116063984, 23716296, 92319300, 339457, 335
52, 99811328, 97591956, 121308252, 23716296, 92319300, 112203083, 335
53, 99811328, 97611468, 121327764, 23716296, 92319300, 335676, 335
54, 105381888, 100718068, 126580232, 25862164, 100709656, 112203120, 150334286
55, 105381888, 100737684, 126599848, 25862164, 100709656, 336761, 335
56, 108199936, 105981952, 131844116, 25862164, 100709656, 112203083, 335
57, 108199936, 106001632, 131863796, 25862164, 100709656, 337455, 335
58, 113770496, 109108320, 137116264, 28007944, 109099908, 112203120, 150329917
59, 113770496, 109128032, 137135976, 28007944, 109099908, 337590, 335
60, 116588544, 114372300, 142380244, 28007944, 109099908, 112203083, 335
61, 116588544, 114392128, 142400072, 28007944, 109099908, 338643, 335
62, 122159104, 117498356, 147652540, 30154184, 117489944, 112203120, 150315245
63, 122159104, 117517984, 147672168, 30154184, 117489944, 337200, 335
64, 124977152, 122762252, 152916436, 30154184, 117489944, 112203083, 335
65, 124977152, 122781984, 152936168, 30154184, 117489944, 337924, 335
66, 130547712, 125888600, 158188636, 32300036, 125880188, 112203120, 150329795
67, 130547712, 125908780, 158208816, 32300036, 125880188, 342190, 335
68, 133365760, 131153048, 163453084, 32300036, 125880188, 112203083, 335
69, 133365760, 131173300, 163473336, 32300036, 125880188, 342559, 335
70, 139001856, 134279180, 168725804, 34446624, 134270768, 112203120, 150350951
71, 139001856, 134299056, 168745680, 34446624, 134270768, 339040, 335
72, 139001856, 134300460, 168747084, 34446624, 134270768, 6441, 335
73, 139001856, 134328364, 168774988, 34446624, 134270768, 392754, 335
74, 139001856, 134330132, 168776756, 34446624, 134270768, 12406, 335
75, 139001856, 134367792, 168814416, 34446624, 134270768, 675109, 335
76, 141819904, 139612100, 174058724, 34446624, 134270768, 112203083, 335
77, 141885440, 139632032, 174078656, 34446624, 134270768, 338756, 335
78, 147456000, 142672920, 179331124, 36658204, 142664508, 112203120, 150528622
79, 147456000, 142692816, 179351020, 36658204, 142664508, 339107, 335
80, 150142976, 147937084, 184595288, 36658204, 142664508, 112203083, 335
81, 150208512, 147957044, 184615248, 36658204, 142664508, 339370, 335
82, 155779072, 151063348, 189867716, 38804368, 151054936, 112203120, 150339604
83, 155779072, 151083032, 189887400, 38804368, 151054936, 337246, 335
84, 158531584, 156327300, 195131668, 38804368, 151054936, 112203083, 335
85, 158597120, 156347064, 195151432, 38804368, 151054936, 337786, 335
86, 164167680, 159453584, 200403900, 40950316, 159445172, 112203120, 150327702
87, 166658048, 159482112, 200432428, 40950316, 159453956, 342956, 335
88, 166920192, 164726380, 205676696, 40950316, 159453956, 112203083, 335
89, 166985728, 164746764, 205697080, 40950316, 159453956, 343395, 335
90, 172556288, 167853032, 210949548, 43096516, 167844620, 112203120, 150355479
91, 172556288, 167872820, 210969336, 43096516, 167844620, 338250, 335
92, 175308800, 173117088, 216213604, 43096516, 167844620, 112203083, 335
93, 175374336, 173136980, 216233496, 43096516, 167844620, 339009, 335
94, 180944896, 176243396, 221485964, 45242568, 176234984, 112203120, 150335444
95, 180944896, 176263336, 221505904, 45242568, 176234984, 339449, 335
96, 183762944, 181507604, 226750172, 45242568, 176234984, 112203083, 335
97, 183762944, 181527660, 226770228, 45242568, 176234984, 340504, 335
98, 189333504, 184633564, 232022696, 47389132, 184625152, 112203120, 150322512
99, 189333504, 184653444, 232042576, 47389132, 184625152, 339292, 335
100, 192151552, 189897712, 237286844, 47389132, 184625152, 112203083, 335
101, 192151552, 189917512, 237306644, 47389132, 184625152, 338466, 335
102, 197722112, 193023960, 242559112, 49535152, 193015548, 112203120, 150337218
103, 197722112, 193043616, 242578768, 49535152, 193015548, 337474, 335
104, 200540160, 198287884, 247823036, 49535152, 193015548, 112203083, 335
105, 200540160, 198307580, 247842732, 49535152, 193015548, 337483, 335
106, 206110720, 201414204, 253095200, 51680996, 201405792, 112203120, 150328542
107, 206110720, 201433908, 253114904, 51680996, 201405792, 337867, 335
108, 206110720, 201435312, 253116308, 51680996, 201405792, 6441, 335
109, 206110720, 201463480, 253144476, 51680996, 201405792, 396282, 335
110, 206110720, 201465248, 253146244, 51680996, 201405792, 12406, 335
111, 206110720, 201503028, 253184024, 51680996, 201405792, 676713, 335
112, 208994304, 206747336, 258428332, 51680996, 201405792, 112203083, 335
113, 208994304, 206767340, 258448336, 51680996, 201405792, 339370, 335
114, 214564864, 209808220, 263700804, 53892584, 209799808, 112203120, 150547324
115, 214564864, 209828256, 263720840, 53892584, 209799808, 339732, 335
116, 217317376, 215072524, 268965108, 53892584, 209799808, 112203083, 335
117, 217317376, 215092344, 268984928, 53892584, 209799808, 338085, 335
118, 222887936, 218198736, 274237400, 56038664, 218190324, 112203120, 150344015
119, 222887936, 218218644, 274257308, 56038664, 218190324, 338762, 335
120, 225705984, 223462916, 279501580, 56038664, 218190324, 112203098, 335
121, 225705984, 223482784, 279521448, 56038664, 218190324, 338493, 335
122, 231276544, 226589148, 284773920, 58184772, 226580736, 112203135, 150338566
123, 231276544, 226609088, 284793860, 58184772, 226580736, 339368, 335
124, 234094592, 231853360, 290038132, 58184772, 226580736, 112203083, 335
125, 234094592, 231873396, 290058168, 58184772, 226580736, 340013, 335
126, 239665152, 234979592, 295310640, 60331048, 234971180, 112203120, 150339884
127, 239665152, 234999588, 295330636, 60331048, 234971180, 340074, 335
128, 242483200, 240243860, 300574908, 60331048, 234971180, 112203083, 335
129, 242483200, 240264280, 300595328, 60331048, 234971180, 343965, 335
130, 248053760, 243370240, 305847800, 62477560, 243361828, 112203120, 150353519
131, 248053760, 243390316, 305867876, 62477560, 243361828, 340729, 335
132, 250871808, 248634588, 311112148, 62477560, 243361828, 112203083, 335
133, 250871808, 248655164, 311132724, 62477560, 243361828, 345411, 335
134, 256442368, 251760580, 316385196, 64624616, 251752168, 112203120, 150333048
135, 256442368, 251780660, 316405276, 64624616, 251752168, 341105, 335
136, 259260416, 257024932, 321649548, 64624616, 251752168, 112203083, 335
137, 259260416, 257045092, 321669708, 64624616, 251752168, 341609, 335
138, 264830976, 260151192, 326922180, 66770988, 260142780, 112203120, 150351183
139, 264830976, 260171392, 326942380, 66770988, 260142780, 341961, 335
140, 267649024, 265415664, 332186652, 66770988, 260142780, 112203083, 335
141, 267649024, 265435712, 332206700, 66770988, 260142780, 340686, 335
142, 273219584, 268541812, 337459172, 68917360, 268533400, 112203120, 150350051
143, 273219584, 268561976, 337479336, 68917360, 268533400, 341558, 335
144, 273219584, 268563384, 337480744, 68917360, 268533400, 6441, 335
145, 273219584, 268592028, 337509388, 68917360, 268533400, 401214, 335
146, 273219584, 268593800, 337511160, 68917360, 268533400, 12406, 335
147, 273219584, 268631936, 337549296, 68917360, 268533400, 679764, 335
148, 276103168, 273876248, 342793608, 68917360, 268533400, 112203083, 335
149, 276103168, 273896924, 342814284, 68917360, 268533400, 345679, 335
150, 281673728, 276936524, 348066756, 71130232, 276928112, 112203120, 150592150
151, 281673728, 276957580, 348087812, 71130232, 276928112, 349321, 335
152, 284426240, 282201852, 353332084, 71130232, 276928112, 112203083, 335
153, 284426240, 282222980, 353353212, 71130232, 276928112, 349749, 335
154, 289996800, 285327496, 358605684, 73278188, 285319084, 112203120, 150371443
155, 289996800, 285347928, 358626116, 73278188, 285319084, 343136, 335
156, 292814848, 290592200, 363870388, 73278188, 285319084, 112203083, 335
157, 292814848, 290612640, 363890828, 73278188, 285319084, 343329, 335
158, 298385408, 293718284, 369143300, 75425016, 293709872, 112203120, 150360084
159, 298385408, 293739204, 369164220, 75425016, 293709872, 347691, 335
160, 301203456, 298983476, 374408492, 75425016, 293709872, 112203083, 335
161, 301203456, 299004252, 374429268, 75425016, 293709872, 346555, 335
162, 306774016, 302109304, 379681740, 77572436, 302100892, 112203120, 150373771
163, 306774016, 302128756, 379701192, 77572436, 302100892, 335410, 335
164, 309592064, 307373028, 384945464, 77572436, 302100892, 112203083, 335
165, 309592064, 307392520, 384964956, 77572436, 302100892, 335436, 335
166, 315162624, 310499332, 390217428, 79718096, 310490920, 112203120, 150314465
167, 315162624, 310518864, 390236960, 79718096, 310490920, 335549, 335
168, 317980672, 315763136, 395481232, 79718096, 310490920, 112203083, 335
169, 317980672, 315782916, 395501012, 79718096, 310490920, 338192, 335
170, 323551232, 318889412, 400753484, 81864072, 318881000, 112203120, 150317646
171, 323551232, 318909256, 400773328, 81864072, 318881000, 338714, 335
172, 326369280, 324153528, 406017600, 81864072, 318881000, 112203083, 335
173, 326369280, 324173948, 406038020, 81864072, 318881000, 344554, 335
174, 331939840, 327280008, 411290492, 84010484, 327271596, 112203120, 150349622
175, 339738624, 327308356, 411318840, 84010484, 327280384, 342020, 335
176, 339738624, 332552628, 416563112, 84010484, 327280384, 112203046, 335
177, 339738624, 332572428, 416582912, 84010484, 327280384, 338551, 335
178, 340393984, 335679332, 421835384, 86156052, 335670920, 112203083, 150347226
179, 340393984, 335698996, 421855048, 86156052, 335670920, 337544, 335
180, 340393984, 335700404, 421856456, 86156052, 335670920, 6441, 335
181, 340393984, 335728816, 421884868, 86156052, 335670920, 400960, 335
182, 340393984, 335730588, 421886640, 86156052, 335670920, 12406, 335
183, 340393984, 335768476, 421924528, 86156052, 335670920, 678984, 335
184, 343212032, 341012788, 427168840, 86156052, 335670920, 112203083, 335
185, 343277568, 341032580, 427188632, 86156052, 335670920, 338123, 335
186, 348848128, 344073944, 432441104, 88367160, 344065532, 112203120, 150587879
187, 348848128, 344093808, 432460968, 88367160, 344065532, 338854, 335
188, 351535104, 349338080, 437705240, 88367160, 344065532, 112203083, 335
189, 351600640, 349358016, 437725176, 88367160, 344065532, 339267, 335
190, 357171200, 352464420, 442977648, 90513228, 352456008, 112203120, 150341212
191, 357171200, 352484872, 442998100, 90513228, 352456008, 344069, 335
192, 359923712, 357729144, 448242372, 90513228, 352456008, 112203083, 335
193, 359989248, 357749260, 448262488, 90513228, 352456008, 340803, 335
194, 365559808, 360855140, 453514960, 92659820, 360846728, 112203120, 150357593
195, 365559808, 360875264, 453535084, 92659820, 360846728, 340748, 335
196, 368312320, 366119536, 458779356, 92659820, 360846728, 112203083, 335
197, 368377856, 366139660, 458799480, 92659820, 360846728, 340362, 335
198, 373948416, 369245640, 464051952, 94806312, 369237228, 112203120, 150341400
199, 373948416, 369265452, 464071764, 94806312, 369237228, 338223, 335
200, 376700928, 374509724, 469316036, 94806312, 369237228, 112203083, 335
201, 376766464, 374529576, 469335888, 94806312, 369237228, 338235, 335
202, 382337024, 377635868, 474588360, 96952492, 377627456, 112203120, 150325112
203, 382337024, 377655760, 474608252, 96952492, 377627456, 338504, 335
204, 385155072, 382900032, 479852524, 96952492, 377627456, 112203083, 335
205, 385155072, 382920060, 479872552, 96952492, 377627456, 340512, 335
206, 390725632, 386026180, 485125024, 99098844, 386017768, 112203120, 150330002
207, 390725632, 386046240, 485145084, 99098844, 386017768, 340616, 335
208, 393543680, 391290512, 490389356, 99098844, 386017768, 112203083, 335
209, 393543680, 391310620, 490409464, 99098844, 386017768, 340857, 335
210, 399114240, 394416712, 495661936, 101245224, 394408300, 112203120, 150343969
211, 399114240, 394437184, 495682408, 101245224, 394408300, 344891, 335
212, 401932288, 399681456, 500926680, 101245224, 394408300, 112203083, 335
213, 401932288, 399701184, 500946408, 101245224, 394408300, 338153, 335
214, 407502848, 402807416, 506198880, 103391464, 402799004, 112203120, 150356199
215, 407502848, 402827160, 506218624, 103391464, 402799004, 338213, 335
216, 407502848, 402828568, 506220032, 103391464, 402799004, 6441, 335
217, 407502848, 402857308, 506248772, 103391464, 402799004, 404944, 335
218, 407502848, 402859080, 506250544, 103391464, 402799004, 12406, 335
219, 407502848, 402897208, 506288672, 103391464, 402799004, 681445, 335
220, 410386432, 408141520, 511532984, 103391464, 402799004, 112203083, 335
221, 410386432, 408161568, 511553032, 103391464, 402799004, 340168, 335
222, 415956992, 411202396, 516805504, 105603108, 411193984, 112203120, 150612811
223, 415956992, 411222220, 516825328, 105603108, 411193984, 338608, 335
224, 418709504, 416466492, 522069600, 105603108, 411193984, 112203083, 335
225, 418709504, 416486388, 522089496, 105603108, 411193984, 339005, 335
226, 424280064, 419592896, 527341968, 107749072, 419584484, 112203120, 150343052
227, 424280064, 419612872, 527361944, 107749072, 419584484, 339838, 335
228, 427098112, 424857144, 532606216, 107749072, 419584484, 112203083, 335
229, 427098112, 424877188, 532626260, 107749072, 419584484, 340157, 335
230, 432668672, 427983480, 537878732, 109895252, 427975068, 112203120, 150349085
231, 432668672, 428003532, 537898784, 109895252, 427975068, 340136, 335
232, 435486720, 433247804, 543143056, 109895252, 427975068, 112203083, 335
233, 435486720, 433267640, 543162892, 109895252, 427975068, 338194, 335
234, 441057280, 436373940, 548415364, 112041424, 436365528, 112203120, 150339456
235, 441057280, 436393824, 548435248, 112041424, 436365528, 338768, 335
236, 443875328, 441638096, 553679520, 112041424, 436365528, 112203083, 335
237, 443875328, 441658012, 553699436, 112041424, 436365528, 338700, 335
238, 449445888, 444764200, 558951908, 114187708, 444755788, 112203120, 150326450
239, 449445888, 444784164, 558971872, 114187708, 444755788, 339112, 335
240, 452263936, 450028436, 564216144, 114187708, 444755788, 112203083, 335
241, 452263936, 450048032, 564235740, 114187708, 444755788, 337170, 335
242, 457834496, 453154552, 569488212, 116333660, 453146140, 112203120, 150332590
243, 457834496, 453174188, 569507848, 116333660, 453146140, 337443, 335
244, 460652544, 458418460, 574752120, 116333660, 453146140, 112203083, 335
245, 460652544, 458438136, 574771796, 116333660, 453146140, 337553, 335
246, 466223104, 461544844, 580024268, 118479424, 461536432, 112203120, 150330926
247, 466223104, 461565020, 580044444, 118479424, 461536432, 342482, 335
248, 469041152, 466809292, 585288716, 118479424, 461536432, 112203083, 335
249, 469041152, 466829100, 585308524, 118479424, 461536432, 338762, 335
250, 474611712, 469935396, 590560996, 120625600, 469926984, 112203120, 150348647
251, 474611712, 469955204, 590580804, 120625600, 469926984, 338620, 335
252, 474611712, 469956612, 590582212, 120625600, 469926984, 6441, 335
253, 474611712, 469985768, 590611368, 120625600, 469926984, 409595, 335
254, 474611712, 469987540, 590613140, 120625600, 469926984, 12406, 335
255, 474611712, 470025604, 590651204, 120625600, 469926984, 681681, 335
256, 477495296, 475269916, 595895516, 120625600, 469926984, 112203083, 335
257, 477495296, 475289700, 595915300, 120625600, 469926984, 338205, 335
258, 483065856, 478330800, 601167772, 122836972, 478322388, 112203120, 150639083
259, 483065856, 478350656, 601187628, 122836972, 478322388, 338930, 335
260, 485818368, 483594928, 606431900, 122836972, 478322388, 112203083, 335
261, 485818368, 483614856, 606451828, 122836972, 478322388, 339357, 335
262, 491388928, 486721364, 611704300, 124982936, 486712952, 112203120, 150348043
263, 491388928, 486741332, 611724268, 124982936, 486712952, 339696, 335
264, 494206976, 491985604, 616968540, 124982936, 486712952, 112203083, 335
265, 494206976, 492005640, 616988576, 124982936, 486712952, 340012, 335
266, 499777536, 495111940, 622241048, 127129108, 495103528, 112203120, 150347968
267, 499777536, 495131480, 622260588, 127129108, 495103528, 336246, 335
268, 502595584, 500375752, 627504860, 127129108, 495103528, 112203083, 335
269, 502595584, 500395300, 627524408, 127129108, 495103528, 335899, 335
270, 508166144, 503502120, 632776880, 129274760, 503493708, 112203120, 150324432
271, 508166144, 503521716, 632796476, 129274760, 503493708, 336311, 335
272, 510984192, 508765988, 638040748, 129274760, 503493708, 112203083, 335
273, 510984192, 508785480, 638060240, 129274760, 503493708, 335394, 335
274, 516554752, 511892228, 643312712, 131420484, 511883816, 112203120, 150318241
275, 516554752, 511911784, 643332268, 131420484, 511883816, 335885, 335
276, 519372800, 517156056, 648576540, 131420484, 511883816, 112203083, 335
277, 519372800, 517175796, 648596280, 131420484, 511883816, 338148, 335
278, 524943360, 520282372, 653848752, 133566380, 520273960, 112203120, 150322086
279, 524943360, 520302008, 653868388, 133566380, 520273960, 337371, 335
280, 527761408, 525546280, 659112660, 133566380, 520273960, 112203083, 335
281, 527761408, 525565948, 659132328, 133566380, 520273960, 337449, 335
282, 533331968, 528672656, 664384800, 135712144, 528664244, 112203120, 150330296
283, 533331968, 528692904, 664405048, 135712144, 528664244, 342970, 335
284, 536150016, 533937176, 669649320, 135712144, 528664244, 112203083, 335
285, 536150016, 533956984, 669669128, 135712144, 528664244, 338876, 335
286, 541786112, 537063248, 674921600, 137858352, 537054836, 112203120, 150350612
287, 541786112, 537083064, 674941416, 137858352, 537054836, 338796, 335
288, 541786112, 537084472, 674942824, 137858352, 537054836, 6441, 335
289, 541786112, 537116268, 674974620, 137858352, 537054836, 434039, 335
290, 541786112, 537118040, 674976392, 137858352, 537054836, 12406, 335
291, 541786112, 537157872, 675016224, 137858352, 537054836, 697756, 335
292, 544604160, 542402184, 680260536, 137858352, 537054836, 112203083, 335
293, 544669696, 542422744, 680281096, 137858352, 537054836, 344857, 335
294, 550240256, 545459740, 685533568, 140073828, 545451328, 112203120, 150707095
295, 550240256, 545480380, 685554208, 140073828, 545451328, 345803, 335
296, 552927232, 550724652, 690798480, 140073828, 545451328, 112203083, 335
297, 552992768, 550744940, 690818768, 140073828, 545451328, 342260, 335
298, 558563328, 553850604, 696071240, 142220636, 553842192, 112203120, 150365122
299, 558563328, 553870508, 696091144, 142220636, 553842192, 339542, 335
300, 561315840, 559114780, 701335416, 142220636, 553842192, 112203083, 335
301, 561381376, 559134672, 701355308, 142220636, 553842192, 339228, 335
302, 566951936, 562241140, 706607780, 144366640, 562232728, 112203120, 150345823
303, 566951936, 562261040, 706627680, 144366640, 562232728, 339113, 335
304, 569704448, 567505312, 711871952, 144366640, 562232728, 112203083, 335
305, 569769984, 567525228, 711891868, 144366640, 562232728, 339003, 335
306, 575340544, 570631528, 717144340, 146512812, 570623116, 112203120, 150336091
307, 575340544, 570651476, 717164288, 146512812, 570623116, 339324, 335
308, 578093056, 575895748, 722408560, 146512812, 570623116, 112203083, 335
309, 578158592, 575915272, 722428084, 146512812, 570623116, 336133, 335
310, 583729152, 579021868, 727680556, 148658688, 579013456, 112203120, 150331068
311, 583729152, 579041496, 727700184, 148658688, 579013456, 337084, 335
312, 586481664, 584285768, 732944456, 148658688, 579013456, 112203083, 335
313, 586547200, 584305508, 732964196, 148658688, 579013456, 338551, 335
314, 592117760, 587412076, 738216668, 150804592, 587403664, 112203120, 150326446
315, 592117760, 587431848, 738236440, 150804592, 587403664, 338635, 335
316, 594870272, 592676120, 743480712, 150804592, 587403664, 112203083, 335
317, 594935808, 592695788, 743500380, 150804592, 587403664, 337722, 335
318, 600506368, 595802440, 748752852, 152950412, 595794028, 112203120, 150334463
319, 600506368, 595822696, 748773108, 152950412, 595794028, 343295, 335
320, 603258880, 601066968, 754017380, 152950412, 595794028, 112203083, 335
321, 603324416, 601086840, 754037252, 152950412, 595794028, 339396, 335
322, 608894976, 604193024, 759289724, 155096700, 604184612, 112203120, 150349890
323, 608894976, 604212912, 759309612, 155096700, 604184612, 339481, 335
324, 608894976, 604214320, 759311020, 155096700, 604184612, 6441, 335
325, 608894976, 604243476, 759340176, 155096700, 604184612, 407532, 335
326, 608894976, 604245248, 759341948, 155096700, 604184612, 12406, 335
327, 608894976, 604283588, 759380288, 155096700, 604184612, 683435, 335
328, 611778560, 609527900, 764624600, 155096700, 604184612, 112203083, 335
329, 611778560, 609547696, 764644396, 155096700, 604184612, 338419, 335
330, 617349120, 612588012, 769896868, 157308856, 612579600, 112203120, 150602992
331, 617349120, 612608212, 769917068, 157308856, 612579600, 342547, 335
332, 620101632, 617852484, 775161340, 157308856, 612579600, 112203083, 335
333, 620101632, 617872340, 775181196, 157308856, 612579600, 339044, 335
334, 625672192, 620978636, 780433668, 159455032, 620970224, 112203120, 150352188
335, 625672192, 620998532, 780453564, 159455032, 620970224, 339397, 335
336, 628490240, 626242804, 785697836, 159455032, 620970224, 112203083, 335
337, 628490240, 626262632, 785717664, 159455032, 620970224, 338860, 335
338, 634060800, 629369180, 790970136, 161600956, 629360768, 112203120, 150346903
339, 634060800, 629389008, 790989964, 161600956, 629360768, 338642, 335
340, 636878848, 634633280, 796234236, 161600956, 629360768, 112203083, 335
341, 636878848, 634653044, 796254000, 161600956, 629360768, 337909, 335
342, 642449408, 637759520, 801506472, 163746952, 637751108, 112203120, 150332976
343, 642449408, 637779292, 801526244, 163746952, 637751108, 338158, 335
344, 645267456, 643023564, 806770516, 163746952, 637751108, 112203083, 335
345, 645267456, 643043432, 806790384, 163746952, 637751108, 338740, 335
346, 650838016, 646149828, 812042856, 165893028, 646141416, 112203120, 150330885
347, 650838016, 646169808, 812062836, 165893028, 646141416, 339930, 335
348, 653656064, 651414080, 817307108, 165893028, 646141416, 112203083, 335
349, 653656064, 651434180, 817327208, 165893028, 646141416, 341096, 335
350, 659226624, 654540260, 822579680, 168039420, 654531848, 112203120, 150339189
351, 659226624, 654560392, 822599812, 168039420, 654531848, 341279, 335
352, 662044672, 659804664, 827844084, 168039420, 654531848, 112203083, 335
353, 662044672, 659824844, 827864264, 168039420, 654531848, 341475, 335
354, 667615232, 662930832, 833116736, 170185904, 662922420, 112203120, 150346122
355, 685899776, 662959784, 833145688, 170185904, 662931208, 346849, 335
356, 685899776, 668204056, 838389960, 170185904, 662931208, 112203046, 335
357, 685899776, 668224440, 838410344, 170185904, 662931208, 343191, 335
358, 685899776, 671330520, 843662816, 172332296, 671322108, 112203046, 150367216
359, 685899776, 671350904, 843683200, 172332296, 671322108, 343035, 335

