Step, Memory, Heap, Allocated, Reclaimed, Live, Mutator, Collector
0, 4325376, 2109476, 2109476, 0, 0, 11527, 270
1, 4390912, 2148580, 2148580, 0, 0, 455236, 270
2, 4390912, 2151872, 2151872, 0, 0, 13944, 270
3, 4390912, 2192432, 2192432, 0, 0, 717537, 270
4, 9699328, 7454304, 7454304, 0, 0, 115406088, 270
5, 9699328, 7476176, 7476176, 0, 0, 354666, 270
6, 15990784, 10516896, 12721960, 2205064, 12709400, 115350262, 67097929
7, 15990784, 10538904, 12743968, 2205064, 12709400, 357143, 270
8, 18022400, 15784692, 17989756, 2205064, 12709400, 115350385, 270
9, 18022400, 15806552, 18011616, 2205064, 12709400, 355756, 270
10, 24313856, 18908228, 23257404, 4349176, 21100732, 115350415, 66435656
11, 24313856, 18930216, 23279392, 4349176, 21100732, 357234, 270
12, 26411008, 24176004, 28525180, 4349176, 21100732, 115350385, 270
13, 26411008, 24198044, 28547220, 4349176, 21100732, 357789, 270
14, 32702464, 27299720, 33793008, 6493288, 29492224, 115350415, 66440954
15, 32702464, 27321876, 33815164, 6493288, 29492224, 359082, 270
16, 34799616, 32567664, 39060952, 6493288, 29492224, 115350385, 270
17, 34799616, 32589684, 39082972, 6493288, 29492224, 357806, 270
18, 41091072, 35691360, 44328760, 8637400, 37883864, 115350415, 66445648
19, 41091072, 35713420, 44350820, 8637400, 37883864, 358421, 270
20, 43188224, 40959208, 49596608, 8637400, 37883864, 115350385, 270
21, 43188224, 40981876, 49619276, 8637400, 37883864, 364110, 270
22, 49479680, 44083196, 54865064, 10781868, 46275700, 115350415, 66454911
23, 49479680, 44105368, 54887236, 10781868, 46275700, 359246, 270
24, 51576832, 49351156, 60133024, 10781868, 46275700, 115350385, 270
25, 51576832, 49373284, 60155152, 10781868, 46275700, 359071, 270
26, 57868288, 52474920, 65400940, 12926020, 54667424, 115350415, 66447922
27, 57868288, 52497148, 65423168, 12926020, 54667424, 360245, 270
28, 59965440, 57742936, 70668956, 12926020, 54667424, 115350385, 270
29, 59965440, 57765280, 70691300, 12926020, 54667424, 361088, 270
30, 66256896, 60866836, 75937088, 15070252, 63059340, 115350415, 66454252
31, 66256896, 60889268, 75959520, 15070252, 63059340, 362153, 270
32, 68354048, 66135056, 81205308, 15070252, 63059340, 115350385, 270
33, 68354048, 66157616, 81227868, 15070252, 63059340, 363174, 270
34, 74645504, 69259012, 86473656, 17214644, 71451516, 115350415, 66462655
35, 74645504, 70309204, 87544436, 17235232, 72501708, 365608, 93725929
36, 74645504, 69242672, 87547356, 18304684, 72501908, 7973, 270
37, 74645504, 69275088, 87579772, 18304684, 72501908, 444071, 270
38, 74645504, 69278384, 87583068, 18304684, 72501908, 14097, 270
39, 74645504, 69320080, 87624764, 18304684, 72501908, 729457, 270
40, 76808192, 74565908, 92870592, 18304684, 72501908, 115350385, 270
41, 76808192, 74589336, 92894020, 18304684, 72501908, 370859, 270
42, 83099648, 77638152, 98139808, 20501656, 79830656, 115350415, 66759436
43, 83099648, 77661668, 98163324, 20501656, 79830656, 372118, 270
44, 85131264, 82907456, 103409112, 20501656, 79830656, 115350385, 270
45, 85131264, 82929972, 103431628, 20501656, 79830656, 362061, 270
46, 91422720, 86030692, 108677416, 22646724, 88223196, 115350415, 66477375
47, 91422720, 86053348, 108700072, 22646724, 88223196, 363728, 270
48, 93519872, 91299136, 113945860, 22646724, 88223196, 115350385, 270
49, 93519872, 91321960, 113968684, 22646724, 88223196, 365411, 270
50, 99811328, 94423116, 119214472, 24791356, 96615620, 115350415, 66470841
51, 99811328, 94445812, 119237168, 24791356, 96615620, 364539, 270
52, 101908480, 99691600, 124482956, 24791356, 96615620, 115350385, 270
53, 101908480, 99713728, 124505084, 24791356, 96615620, 359033, 270
54, 108265472, 102815164, 129750872, 26935708, 105007668, 115350445, 66458524
55, 108265472, 102837420, 129773128, 26935708, 105007668, 360513, 270
56, 110297088, 108083208, 135018916, 26935708, 105007668, 115350385, 270
57, 110362624, 108105544, 135041252, 26935708, 105007668, 361402, 270
58, 116654080, 111207140, 140287040, 29079900, 113399644, 115350415, 66456203
59, 116654080, 111229512, 140309412, 29079900, 113399644, 361677, 270
60, 118685696, 116475300, 145555200, 29079900, 113399644, 115350385, 270
61, 118751232, 116497816, 145577716, 29079900, 113399644, 363163, 270
62, 125042688, 119599292, 150823504, 31224212, 121791796, 115350415, 66461812
63, 125042688, 119621564, 150845776, 31224212, 121791796, 361018, 270
64, 127074304, 124867352, 156091564, 31224212, 121791796, 115350385, 270
65, 127139840, 124889752, 156113964, 31224212, 121791796, 362000, 270
66, 133431296, 127991308, 161359752, 33368444, 130183812, 115350415, 66457506
67, 133431296, 128014268, 161382712, 33368444, 130183812, 368115, 270
68, 135462912, 133260056, 166628500, 33368444, 130183812, 115350385, 270
69, 135528448, 133283104, 166651548, 33368444, 130183812, 368602, 270
70, 141819904, 136383788, 171897336, 35513548, 138576292, 115350415, 66478656
71, 141819904, 136406364, 171919912, 35513548, 138576292, 363914, 270
72, 141819904, 136409280, 171922828, 35513548, 138576292, 7973, 270
73, 141819904, 136441584, 171955132, 35513548, 138576292, 445328, 270
74, 141819904, 136444880, 171958428, 35513548, 138576292, 14097, 270
75, 141819904, 136518424, 172031972, 35513548, 138576292, 839438, 270
76, 143982592, 141764252, 177277800, 35513548, 138576292, 115350385, 270
77, 143982592, 141786892, 177300440, 35513548, 138576292, 363477, 270
78, 150274048, 144814124, 182546228, 37732104, 147006628, 115350415, 66898047
79, 150274048, 144836724, 182568828, 37732104, 147006628, 363853, 270
80, 152305664, 150082512, 187814616, 37732104, 147006628, 115350385, 270
81, 152305664, 150105188, 187837292, 37732104, 147006628, 364123, 270
82, 158597120, 153206504, 193083080, 39876576, 155399008, 115350415, 66472683
83, 158597120, 153228840, 193105416, 39876576, 155399008, 361088, 270
84, 160694272, 158474628, 198351204, 39876576, 155399008, 115350385, 270
85, 160694272, 158497064, 198373640, 39876576, 155399008, 361734, 270
86, 166985728, 161598540, 203619428, 42020888, 163791044, 115350415, 66460426
87, 166985728, 161621660, 203642548, 42020888, 163791044, 368940, 270
88, 169082880, 166867448, 208888336, 42020888, 163791044, 115350385, 270
89, 169148416, 166890656, 208911544, 42020888, 163791044, 369507, 270
90, 175439872, 169991180, 214157332, 44166152, 172183684, 115350415, 66486779
91, 175439872, 170013644, 214179796, 44166152, 172183684, 362500, 270
92, 177471488, 175259432, 219425584, 44166152, 172183684, 115350385, 270
93, 177537024, 175282024, 219448176, 44166152, 172183684, 363478, 270
94, 183828480, 178383420, 224693964, 46310544, 180575924, 115350415, 66464212
95, 183828480, 179433604, 225764736, 46331132, 181626108, 365454, 93816829
96, 187957248, 183628536, 231010528, 47381992, 185821040, 115350645, 98394496
97, 187957248, 183630216, 231033324, 47403108, 185822720, 367229, 93680693
98, 189988864, 187766728, 236279116, 48512388, 185822956, 115350385, 270
99, 189988864, 187789308, 236301696, 48512388, 185822956, 363817, 270
100, 196280320, 190913760, 241547484, 50633724, 193106264, 115350415, 66370422
101, 196280320, 190936240, 241569964, 50633724, 193106264, 363093, 270
102, 198377472, 196182028, 246815752, 50633724, 193106264, 115350385, 270
103, 198443008, 196204332, 246838056, 50633724, 193106264, 361420, 270
104, 204734464, 199305848, 252083844, 52777996, 201498352, 115350415, 66459035
105, 204734464, 199328200, 252106196, 52777996, 201498352, 361884, 270
106, 206831616, 204573988, 257351984, 52777996, 201498352, 115350415, 270
107, 206831616, 204596352, 257374348, 52777996, 201498352, 361946, 270
108, 206831616, 204599268, 257377264, 52777996, 201498352, 7973, 270
109, 206831616, 204631900, 257409896, 52777996, 201498352, 450221, 270
110, 206831616, 204635196, 257413192, 52777996, 201498352, 14097, 270
111, 206897152, 204676796, 257454792, 52777996, 201498352, 731389, 270
112, 213188608, 207704236, 262700620, 54996384, 209896740, 115350415, 66846810
113, 213188608, 207726968, 262723352, 54996384, 209896740, 365057, 270
114, 215220224, 212972756, 267969140, 54996384, 209896740, 115350385, 270
115, 215220224, 212995524, 267991908, 54996384, 209896740, 365085, 270
116, 221511680, 216096760, 273237696, 57140936, 218289264, 115350415, 66475035
117, 221511680, 216119264, 273260200, 57140936, 218289264, 363140, 270
118, 223608832, 221365056, 278505992, 57140936, 218289264, 115350385, 270
119, 223608832, 221387648, 278528584, 57140936, 218289264, 363597, 270
120, 229900288, 224489040, 283774376, 59285336, 226681544, 115350415, 66465010
121, 229900288, 224511604, 283796940, 59285336, 226681544, 363640, 270
122, 231997440, 229757396, 289042732, 59285336, 226681544, 115350385, 270
123, 231997440, 229780048, 289065384, 59285336, 226681544, 364099, 270
124, 238288896, 232881360, 294311176, 61429816, 235073864, 115350415, 66466714
125, 238288896, 232904128, 294333944, 61429816, 235073864, 365470, 270
126, 240386048, 238149920, 299579736, 61429816, 235073864, 115350385, 270
127, 240386048, 238172640, 299602456, 61429816, 235073864, 365052, 270
128, 246677504, 241273872, 304848248, 63574376, 243466376, 115350415, 66473267
129, 246677504, 241297124, 304871500, 63574376, 243466376, 370775, 270
130, 248774656, 246542916, 310117292, 63574376, 243466376, 115350385, 270
131, 248774656, 246565736, 310140112, 63574376, 243466376, 365985, 270
132, 255066112, 249666572, 315385904, 65719332, 251859076, 115350415, 66483013
133, 255066112, 249690016, 315409348, 65719332, 251859076, 372729, 270
134, 257163264, 254935808, 320655140, 65719332, 251859076, 115350385, 270
135, 257163264, 254958632, 320677964, 65719332, 251859076, 366382, 270
136, 263454720, 258059388, 325923756, 67864368, 260251892, 115350415, 66486746
137, 263454720, 258082312, 325946680, 67864368, 260251892, 367356, 270
138, 265551872, 263328104, 331192472, 67864368, 260251892, 115350385, 270
139, 265551872, 263351076, 331215444, 67864368, 260251892, 367419, 270
140, 271843328, 266452148, 336461236, 70009088, 268644652, 115350415, 66482378
141, 271843328, 266474936, 336484024, 70009088, 268644652, 366031, 270
142, 273940480, 271720728, 341729816, 70009088, 268644652, 115350385, 270
143, 273940480, 271743656, 341752744, 70009088, 268644652, 367151, 270
144, 273940480, 271746576, 341755664, 70009088, 268644652, 7973, 270
145, 274006016, 271779792, 341788880, 70009088, 268644652, 457080, 270
146, 274006016, 271783092, 341792180, 70009088, 268644652, 14097, 270
147, 274071552, 271825068, 341834156, 70009088, 268644652, 734982, 270
148, 280363008, 274851840, 347079988, 72228148, 277044344, 115350415, 66890934
149, 280363008, 274875404, 347103552, 72228148, 277044344, 373272, 270
150, 282329088, 280121196, 352349344, 72228148, 277044344, 115350385, 270
151, 282394624, 280145248, 352373396, 72228148, 277044344, 377849, 270
152, 288686080, 283245044, 357619188, 74374144, 285437548, 115350415, 66509455
153, 288686080, 283269184, 357643328, 74374144, 285437548, 378884, 270
154, 290717696, 288514976, 362889120, 74374144, 285437548, 115350385, 270
155, 290783232, 288538228, 362912372, 74374144, 285437548, 369507, 270
156, 297074688, 291638260, 368158164, 76519904, 293830764, 115350415, 66502965
157, 297074688, 291661524, 368181428, 76519904, 293830764, 370041, 270
158, 299106304, 296907316, 373427220, 76519904, 293830764, 115350385, 270
159, 299171840, 296931176, 373451080, 76519904, 293830764, 375590, 270
160, 305463296, 300031524, 378696872, 78665348, 302224028, 115350415, 66502096
161, 305463296, 300055208, 378720556, 78665348, 302224028, 374359, 270
162, 307494912, 305301000, 383966348, 78665348, 302224028, 115350385, 270
163, 307560448, 305323052, 383988400, 78665348, 302224028, 358266, 270
164, 313851904, 308423960, 389234192, 80810232, 310616464, 115350415, 66474204
165, 313851904, 308446060, 389256292, 80810232, 310616464, 358749, 270
166, 315949056, 313691852, 394502084, 80810232, 310616464, 115350385, 270
167, 315949056, 313714000, 394524232, 80810232, 310616464, 358734, 270
168, 322240512, 316815624, 399770024, 82954400, 319008128, 115350415, 66444621
169, 322240512, 316838080, 399792480, 82954400, 319008128, 362868, 270
170, 324337664, 322083872, 405038272, 82954400, 319008128, 115350385, 270
171, 324337664, 322106404, 405060804, 82954400, 319008128, 363285, 270
172, 330629120, 325207868, 410306596, 85098728, 327400372, 115350415, 66463909
173, 330629120, 325231144, 410329872, 85098728, 327400372, 371602, 270
174, 332726272, 330476936, 415575664, 85098728, 327400372, 115350385, 270
175, 332726272, 330499856, 415598584, 85098728, 327400372, 367536, 270
176, 339017728, 333600292, 420844376, 87244084, 335792796, 115350415, 66480750
177, 339017728, 333622772, 420866856, 87244084, 335792796, 363282, 270
178, 341114880, 338868564, 426112648, 87244084, 335792796, 115350385, 270
179, 341114880, 338890876, 426134960, 87244084, 335792796, 361385, 270
180, 341114880, 338893796, 426137880, 87244084, 335792796, 7973, 270
181, 341180416, 338926736, 426170820, 87244084, 335792796, 456496, 270
182, 341180416, 338930036, 426174120, 87244084, 335792796, 14097, 270
183, 341180416, 338971716, 426215800, 87244084, 335792796, 733286, 270
184, 347537408, 342063472, 431525776, 89462304, 344255976, 115350415, 66978079
185, 347537408, 342085940, 431548244, 89462304, 344255976, 362672, 270
186, 349569024, 347331732, 436794036, 89462304, 344255976, 115350385, 270
187, 349569024, 347354288, 436816592, 89462304, 344255976, 363262, 270
188, 355860480, 350455752, 442062384, 91606632, 352648256, 115350415, 66470947
189, 355860480, 350478396, 442085028, 91606632, 352648256, 364329, 270
190, 357957632, 355724188, 447330820, 91606632, 352648256, 115350385, 270
191, 357957632, 355747476, 447354108, 91606632, 352648256, 370701, 270
192, 364249088, 358848384, 452599900, 93751516, 361040888, 115350415, 66485471
193, 364249088, 358871252, 452622768, 93751516, 361040888, 366708, 270
194, 366346240, 364117044, 457868560, 93751516, 361040888, 115350385, 270
195, 366346240, 364139920, 457891436, 93751516, 361040888, 366261, 270
196, 372637696, 367241064, 463137228, 95896164, 369433568, 115350415, 66484684
197, 372637696, 367263936, 463160100, 95896164, 369433568, 366153, 270
198, 374734848, 372509728, 468405892, 95896164, 369433568, 115350385, 270
199, 374734848, 372532220, 468428384, 95896164, 369433568, 362609, 270
200, 381026304, 375633404, 473674176, 98040772, 377825908, 115350415, 66468728
201, 381026304, 375655944, 473696716, 98040772, 377825908, 363105, 270
202, 383123456, 380901736, 478942508, 98040772, 377825908, 115350385, 270
203, 383123456, 380924324, 478965096, 98040772, 377825908, 363073, 270
204, 389414912, 384025548, 484210888, 100185340, 386218052, 115350415, 66460709
205, 389414912, 384048308, 484233648, 100185340, 386218052, 366135, 270
206, 391512064, 389294100, 489479440, 100185340, 386218052, 115350385, 270
207, 391512064, 389316896, 489502236, 100185340, 386218052, 365872, 270
208, 397869056, 392418120, 494748028, 102329908, 394610624, 115350445, 66475783
209, 397869056, 392440976, 494770884, 102329908, 394610624, 366671, 270
210, 399900672, 397686768, 500016676, 102329908, 394610624, 115350385, 270
211, 399966208, 397710084, 500039992, 102329908, 394610624, 371587, 270
212, 406257664, 400810872, 505285784, 104474912, 403003376, 115350415, 66484662
213, 406257664, 400833264, 505308176, 104474912, 403003376, 362669, 270
214, 408289280, 406079056, 510553968, 104474912, 403003376, 115350385, 270
215, 408354816, 406101468, 510576380, 104474912, 403003376, 362357, 270
216, 408354816, 406104388, 510579300, 104474912, 403003376, 7973, 270
217, 408354816, 406137732, 510612644, 104474912, 403003376, 461966, 270
218, 408354816, 406141032, 510615944, 104474912, 403003376, 14097, 270
219, 408420352, 406183008, 510657920, 104474912, 403003376, 736814, 270
220, 414711808, 409210460, 515903752, 106693292, 411402964, 115350415, 66888105
221, 414711808, 409233244, 515926536, 106693292, 411402964, 365633, 270
222, 416677888, 414479036, 521172328, 106693292, 411402964, 115350385, 270
223, 416743424, 414501544, 521194836, 106693292, 411402964, 363136, 270
224, 423034880, 417602928, 526440628, 108837700, 419795432, 115350415, 66479248
225, 423034880, 417625524, 526463224, 108837700, 419795432, 364099, 270
226, 425066496, 422871316, 531709016, 108837700, 419795432, 115350385, 270
227, 425132032, 422894012, 531731712, 108837700, 419795432, 364855, 270
228, 431423488, 425995396, 536977504, 110982108, 428187900, 115350415, 66478924
229, 431423488, 426018176, 537000284, 110982108, 428187900, 365779, 270
230, 433520640, 431263968, 542246076, 110982108, 428187900, 115350385, 270
231, 433520640, 431286756, 542268864, 110982108, 428187900, 365330, 270
232, 439812096, 434387980, 547514656, 113126676, 436580484, 115350415, 66483221
233, 439812096, 434410500, 547537176, 113126676, 436580484, 363011, 270
234, 441909248, 439656292, 552782968, 113126676, 436580484, 115350385, 270
235, 441909248, 439678872, 552805548, 113126676, 436580484, 363162, 270
236, 448200704, 442780176, 558051340, 115271164, 444972680, 115350415, 66467447
237, 448200704, 442802792, 558073956, 115271164, 444972680, 363549, 270
238, 450297856, 448048584, 563319748, 115271164, 444972680, 115350385, 270
239, 450297856, 448071260, 563342424, 115271164, 444972680, 363711, 270
240, 456589312, 451172404, 568588216, 117415812, 453364908, 115350415, 66463905
241, 456589312, 451194636, 568610448, 117415812, 453364908, 361230, 270
242, 458686464, 456440428, 573856240, 117415812, 453364908, 115350385, 270
243, 458686464, 456462708, 573878520, 117415812, 453364908, 361194, 270
244, 464977920, 459564412, 579124312, 119559900, 461756916, 115350415, 66460328
245, 464977920, 460614428, 580194756, 119580328, 462806932, 363128, 94038100
246, 469106688, 464809360, 585440552, 120631192, 467001864, 115350645, 98399189
247, 469106688, 464810996, 585463504, 120652508, 467003500, 369572, 93687659
248, 473300992, 469005928, 590709300, 121703372, 471198432, 115350645, 98401191
249, 473300992, 469007460, 590731792, 121724332, 471199964, 364674, 93681602
250, 477495296, 473202392, 595977588, 122775196, 475394896, 115350645, 98404143
251, 477495296, 473203880, 596000076, 122796196, 475396384, 364436, 93678084
252, 477495296, 473204512, 596003000, 122798488, 475397016, 8219, 93632506
253, 477495296, 473208832, 596036864, 122828032, 475401336, 468703, 282753755
254, 477495296, 472015048, 596040168, 124025120, 475401336, 14097, 270
255, 477495296, 472056944, 596082064, 124025120, 475401336, 736646, 270
256, 479526912, 477302776, 601327896, 124025120, 475401336, 115350385, 270
257, 479526912, 477325236, 601350356, 124025120, 475401336, 362376, 270
258, 485818368, 480406612, 606596148, 126189536, 482599116, 115350415, 66562921
259, 485818368, 480429160, 606618696, 126189536, 482599116, 363616, 270
260, 487915520, 485674952, 611864488, 126189536, 482599116, 115350385, 270
261, 487915520, 485697588, 611887124, 126189536, 482599116, 364153, 270
262, 494206976, 488799052, 617132916, 128333864, 490991556, 115350415, 66472624
263, 494206976, 488821736, 617155600, 128333864, 490991556, 364727, 270
264, 496304128, 494067528, 622401392, 128333864, 490991556, 115350385, 270
265, 496304128, 494090296, 622424160, 128333864, 490991556, 365312, 270
266, 502595584, 497191600, 627669952, 130478352, 499384104, 115350415, 66475415
267, 502595584, 497213760, 627692112, 130478352, 499384104, 359978, 270
268, 504692736, 502459552, 632937904, 130478352, 499384104, 115350385, 270
269, 504692736, 502481720, 632960072, 130478352, 499384104, 359449, 270
270, 510984192, 505583424, 638205864, 132622440, 507775928, 115350415, 66451141
271, 510984192, 505605652, 638228092, 132622440, 507775928, 360212, 270
272, 513081344, 510851444, 643473884, 132622440, 507775928, 115350385, 270
273, 513081344, 510873544, 643495984, 132622440, 507775928, 358812, 270
274, 519372800, 513975168, 648741776, 134766608, 516167672, 115350415, 66447349
275, 519372800, 513997344, 648763952, 134766608, 516167672, 359610, 270
276, 521469952, 519243136, 654009744, 134766608, 516167672, 115350385, 270
277, 521469952, 519265544, 654032152, 134766608, 516167672, 362661, 270
278, 527761408, 522367128, 659277944, 136910816, 524559632, 115350415, 66455658
279, 527761408, 522389408, 659300224, 136910816, 524559632, 361312, 270
280, 529858560, 527635200, 664546016, 136910816, 524559632, 115350385, 270
281, 529858560, 527657516, 664568332, 136910816, 524559632, 361087, 270
282, 536150016, 530759140, 669814124, 139054984, 532951644, 115350415, 66455781
283, 536150016, 530782180, 669837164, 139054984, 532951644, 368765, 270
284, 538247168, 536027972, 675082956, 139054984, 532951644, 115350385, 270
285, 538247168, 536050464, 675105448, 139054984, 532951644, 363102, 270
286, 544538624, 539151572, 680351240, 141199668, 541344076, 115350415, 66473945
287, 544538624, 539174072, 680373740, 141199668, 541344076, 363105, 270
288, 544538624, 539176992, 680376660, 141199668, 541344076, 7973, 270
289, 544538624, 539214148, 680413816, 141199668, 541344076, 501077, 270
290, 544538624, 539217448, 680417116, 141199668, 541344076, 14097, 270
291, 544538624, 539261616, 680461284, 141199668, 541344076, 759259, 270
292, 546701312, 544507448, 685707116, 141199668, 541344076, 115350385, 270
293, 546766848, 544530868, 685730536, 141199668, 541344076, 371415, 270
294, 553058304, 547553632, 690976328, 143422696, 549746136, 115350415, 66999453
295, 553058304, 547577152, 690999848, 143422696, 549746136, 372842, 270
296, 555024384, 552822944, 696245640, 143422696, 549746136, 115350385, 270
297, 555089920, 552846020, 696268716, 143422696, 549746136, 367973, 270
298, 561381376, 555946688, 701514508, 145567820, 558139192, 115350415, 66494062
299, 561381376, 555969296, 701537116, 145567820, 558139192, 364544, 270
300, 563412992, 561215088, 706782908, 145567820, 558139192, 115350385, 270
301, 563478528, 561237680, 706805500, 145567820, 558139192, 364044, 270
302, 569769984, 564339104, 712051292, 147712188, 566531608, 115350415, 66469580
303, 569769984, 564361704, 712073892, 147712188, 566531608, 364013, 270
304, 571801600, 569607496, 717319684, 147712188, 566531608, 115350385, 270
305, 571867136, 569630116, 717342304, 147712188, 566531608, 363783, 270
306, 578158592, 572731420, 722588096, 149856676, 574923924, 115350415, 66466926
307, 578158592, 572754076, 722610752, 149856676, 574923924, 364140, 270
308, 580255744, 577999868, 727856544, 149856676, 574923924, 115350385, 270
309, 580255744, 578022008, 727878684, 149856676, 574923924, 359394, 270
310, 586547200, 581123432, 733124476, 152001044, 583315936, 115350415, 66456422
311, 586547200, 581145700, 733146744, 152001044, 583315936, 360876, 270
312, 588644352, 586391492, 738392536, 152001044, 583315936, 115350385, 270
313, 588644352, 586413900, 738414944, 152001044, 583315936, 362652, 270
314, 594935808, 589515484, 743660736, 154145252, 591707988, 115350415, 66457503
315, 594935808, 589537928, 743683180, 154145252, 591707988, 362940, 270
316, 597032960, 594783720, 748928972, 154145252, 591707988, 115350385, 270
317, 597032960, 594806036, 748951288, 154145252, 591707988, 361498, 270
318, 603324416, 597907580, 754197080, 156289500, 600100084, 115350415, 66459361
319, 603324416, 597930632, 754220132, 156289500, 600100084, 369304, 270
320, 605421568, 603176424, 759465924, 156289500, 600100084, 115350385, 270
321, 605421568, 603198992, 759488492, 156289500, 600100084, 363912, 270
322, 611713024, 606300060, 764734284, 158434224, 608492564, 115350415, 66475834
323, 611713024, 606322648, 764756872, 158434224, 608492564, 364180, 270
324, 611713024, 606325568, 764759792, 158434224, 608492564, 7973, 270
325, 611713024, 606359412, 764793636, 158434224, 608492564, 465176, 270
326, 611713024, 606362712, 764796936, 158434224, 608492564, 14097, 270
327, 611713024, 606404916, 764839140, 158434224, 608492564, 737729, 270
328, 613875712, 611650748, 770084972, 158434224, 608492564, 115350385, 270
329, 613875712, 611673220, 770107444, 158434224, 608492564, 362578, 270
330, 620167168, 614699992, 775353236, 160653244, 616892496, 115350415, 66895919
331, 620167168, 614722972, 775376216, 160653244, 616892496, 368336, 270
332, 622198784, 619968764, 780622008, 160653244, 616892496, 115350385, 270
333, 622198784, 619991312, 780644556, 160653244, 616892496, 363535, 270
334, 628490240, 623092460, 785890348, 162797888, 625284964, 115350415, 66473898
335, 628490240, 623115056, 785912944, 162797888, 625284964, 364126, 270
336, 630587392, 628360848, 791158736, 162797888, 625284964, 115350385, 270
337, 630587392, 628383364, 791181252, 162797888, 625284964, 363291, 270
338, 636878848, 631484828, 796427044, 164942216, 633677332, 115350415, 66468100
339, 636878848, 631507340, 796449556, 164942216, 633677332, 363105, 270
340, 638976000, 636753132, 801695348, 164942216, 633677332, 115350385, 270
341, 638976000, 636775564, 801717780, 164942216, 633677332, 361990, 270
342, 645267456, 639876988, 806963572, 167086584, 642069492, 115350415, 66460953
343, 645267456, 639899432, 806986016, 167086584, 642069492, 362464, 270
344, 647364608, 645145224, 812231808, 167086584, 642069492, 115350385, 270
345, 647364608, 645167784, 812254368, 167086584, 642069492, 363227, 270
346, 653656064, 648269168, 817500160, 169230992, 650461672, 115350415, 66461919
347, 653656064, 648291868, 817522860, 169230992, 650461672, 364953, 270
348, 655753216, 653537660, 822768652, 169230992, 650461672, 115350385, 270
349, 655818752, 653560508, 822791500, 169230992, 650461672, 366528, 270
350, 662110208, 656661732, 828037292, 171375560, 658854236, 115350415, 66474854
351, 662110208, 656684616, 828060176, 171375560, 658854236, 366896, 270
352, 664141824, 661930408, 833305968, 171375560, 658854236, 115350385, 270
353, 664207360, 661953352, 833328912, 171375560, 658854236, 367174, 270
354, 670498816, 665054416, 838574704, 173520288, 667246920, 115350415, 66478806
355, 670498816, 665078072, 838598360, 173520288, 667246920, 374637, 270
356, 672530432, 670323864, 843844152, 173520288, 667246920, 115350385, 270
357, 672595968, 670347060, 843867348, 173520288, 667246920, 369649, 270
358, 678887424, 673447568, 849113140, 175665572, 675640072, 115350415, 66498250
359, 678887424, 673470760, 849136332, 175665572, 675640072, 369513, 270

