Step, Memory, Heap, Allocated, Reclaimed, Live, Mutator, Collector
0, 2883584, 688092, 688092, 0, 0, 35614, 319
1, 3604480, 1384484, 1384484, 0, 0, 60101780, 319
2, 4063232, 1184448, 2077608, 893160, 491540, 65356768, 9150078
3, 4259840, 2050748, 2943908, 893160, 491540, 66182721, 319
4, 5242880, 1921096, 3881424, 1960328, 983800, 72164124, 18302300
5, 5242880, 2856464, 4816792, 1960328, 983800, 74059554, 319
6, 6488064, 2411236, 5754308, 3343072, 1473940, 74476160, 27432239
7, 6488064, 3346608, 6689680, 3343072, 1473940, 75319514, 319
8, 7471104, 2901376, 7627196, 4725820, 1964080, 77083718, 36559222
9, 7471104, 3841136, 8566956, 4725820, 1964080, 77419316, 319
10, 7471104, 4774264, 9500084, 4725820, 1964080, 77116317, 319
11, 9633792, 3639344, 10439840, 6800496, 2699808, 77278992, 50263440
12, 9633792, 4572476, 11372972, 6800496, 2699808, 77327146, 319
13, 9633792, 5512236, 12312732, 6800496, 2699808, 76960746, 319
14, 11141120, 4373916, 13250252, 8876336, 3436620, 79589494, 63968374
15, 11141120, 5309288, 14185624, 8876336, 3436620, 79926960, 319
16, 11141120, 6246808, 15123144, 8876336, 3436620, 80323964, 319
17, 12582912, 5107496, 16058516, 10951020, 4172348, 80141749, 77665600
18, 12582912, 6045016, 16996036, 10951020, 4172348, 80001470, 319
19, 12582912, 6984776, 17935796, 10951020, 4172348, 80356682, 319
20, 12582912, 7917908, 18868928, 10951020, 4172348, 80053482, 319
21, 15269888, 6092164, 19808688, 13716524, 5152628, 80196759, 95929514
22, 15269888, 7025296, 20741820, 13716524, 5152628, 80264301, 319
23, 15269888, 7965056, 21681580, 13716524, 5152628, 79878441, 319
24, 15269888, 8904816, 22621340, 13716524, 5152628, 80475018, 319
25, 17235968, 7069020, 23554472, 16485452, 6136112, 80061052, 114214223
26, 17235968, 8008780, 24494232, 16485452, 6136112, 80184536, 319
27, 17235968, 8941912, 25427364, 16485452, 6136112, 81407536, 319
28, 17235968, 9881672, 26367124, 16485452, 6136112, 82796322, 319
29, 17235968, 10819192, 27304644, 16485452, 6136112, 83412464, 319
30, 20381696, 18134436, 38077324, 19942888, 7361980, 82872045, 137046904
31, 27656192, 18134344, 48849912, 30715568, 7361980, 1899049819, 137070088
32, 27656192, 18134344, 59622568, 41488224, 7361980, 1899051451, 137029240
33, 27656192, 18134344, 70395224, 52260880, 7361980, 1899051451, 137029240
34, 27656192, 18134344, 81167880, 63033536, 7361980, 1899051451, 137029240
35, 27656192, 18134344, 91940536, 73806192, 7361980, 1899051451, 137029240
36, 27656192, 18134344, 102713192, 84578848, 7361980, 1899051451, 137029240
37, 27656192, 18134344, 113485848, 95351504, 7361980, 1899051451, 137029240
38, 27656192, 18134344, 124258504, 106124160, 7361980, 1899051451, 137029240
39, 27656192, 18134344, 135031160, 116896816, 7361980, 1899051451, 137029240
40, 27656192, 7363392, 135032864, 127669472, 7361980, 1899051451, 137029240
41, 27656192, 8050456, 135719928, 127669472, 7361980, 52036, 319
42, 27656192, 8745824, 136415296, 127669472, 7361980, 60093607, 319
43, 27656192, 9438956, 137108428, 127669472, 7361980, 65353344, 319
44, 27656192, 10305260, 137974732, 127669472, 7361980, 66182803, 319
45, 27656192, 11242780, 138912252, 127669472, 7361980, 72163050, 319
46, 27656192, 12178152, 139847624, 127669472, 7361980, 74059688, 319
47, 27656192, 2411236, 140785144, 138373908, 7361980, 74476304, 27425247
48, 27656192, 3346608, 141720516, 138373908, 7361980, 75319586, 319
49, 27656192, 2901376, 142658036, 139756660, 7361980, 77083790, 36553702
50, 27656192, 3841136, 143597796, 139756660, 7361980, 77419388, 319
51, 27656192, 4774268, 144530928, 139756660, 7361980, 77116389, 319
52, 27656192, 3639344, 145470688, 141831344, 7361980, 77279002, 50251296
53, 27656192, 4572476, 146403820, 141831344, 7361980, 77327146, 319
54, 27656192, 5512236, 147343580, 141831344, 7361980, 76960746, 319
55, 27656192, 4373916, 148281100, 143907184, 7361980, 79589494, 63959910
56, 27656192, 5309288, 149216472, 143907184, 7361980, 79926960, 319
57, 27656192, 6246808, 150153992, 143907184, 7361980, 80323964, 319
58, 27656192, 5107496, 151089364, 145981868, 7361980, 80141749, 77657504
59, 27656192, 6045016, 152026884, 145981868, 7361980, 80001470, 319
60, 27656192, 6984776, 152966644, 145981868, 7361980, 80356682, 319
61, 27656192, 7917908, 153899776, 145981868, 7361980, 80053482, 319
62, 27656192, 6092164, 154839536, 148747372, 7361980, 80196759, 95914426
63, 27656192, 7025296, 155772668, 148747372, 7361980, 80264301, 319
64, 27656192, 7965056, 156712428, 148747372, 7361980, 79878441, 319
65, 27656192, 8904816, 157652188, 148747372, 7361980, 80475018, 319
66, 27656192, 7069020, 158585320, 151516300, 7361980, 80061052, 114203183
67, 27656192, 8008780, 159525080, 151516300, 7361980, 80184536, 319
68, 27656192, 8941912, 160458212, 151516300, 7361980, 81407536, 319
69, 27656192, 9881672, 161397972, 151516300, 7361980, 82796322, 319
70, 27656192, 10819192, 162335492, 151516300, 7361980, 83412464, 319
71, 27656192, 8297128, 163270864, 154973736, 7361980, 82872045, 137029240
72, 27656192, 9234648, 164208384, 154973736, 7361980, 83229118, 319
73, 27656192, 10170020, 165143756, 154973736, 7361980, 83086730, 319
74, 27656192, 11107540, 166081276, 154973736, 7361980, 82906708, 319
75, 27656192, 12047300, 167021036, 154973736, 7361980, 83301725, 319
76, 27656192, 12980432, 167954168, 154973736, 7361980, 82998269, 319
77, 27656192, 9771936, 168893928, 159121992, 8832400, 83102211, 164414617
78, 27656192, 10705068, 169827060, 159121992, 8832400, 83209150, 319
79, 27656192, 11644828, 170766820, 159121992, 8832400, 82783893, 319
80, 27656192, 12582348, 171704340, 159121992, 8832400, 83419681, 319
81, 29163520, 26945656, 186067648, 159121992, 8832400, 82879235, 319
82, 38928384, 24177792, 200430864, 176253072, 9814800, 2597913221, 182747194
83, 38928384, 24177792, 214794148, 190616356, 9814800, 2597906563, 182692362
84, 38928384, 24177792, 229157432, 204979640, 9814800, 2597906563, 182692362
85, 38928384, 24177792, 243520716, 219342924, 9814800, 2597906563, 182692362
86, 38928384, 24177792, 257884000, 233706208, 9814800, 2597906563, 182692362
87, 38928384, 24177792, 272247284, 248069492, 9814800, 2597906563, 182692362
88, 38928384, 24177792, 286610572, 262432780, 9814800, 2597906635, 182692362
89, 38928384, 24177792, 300973860, 276796068, 9814800, 2597906635, 182692362
90, 38928384, 24177792, 315337148, 291159356, 9814800, 2597906707, 182692362

