Step, Memory, Heap, Allocated, Reclaimed, Live, Mutator, Collector
0, 2228224, 14592, 14592, 0, 0, 21436, 340
1, 2228224, 30528, 30528, 0, 0, 258037, 340
2, 2228224, 31960, 31960, 0, 0, 23539, 340
3, 2228224, 47552, 47552, 0, 0, 407954, 340
4, 7471104, 5291524, 5291524, 0, 0, 155206264, 340
5, 7471104, 5299872, 5299872, 0, 0, 212307, 340
6, 13041664, 8405192, 10552008, 2146816, 8396816, 155206264, 159041275
7, 13041664, 8413620, 10560436, 2146816, 8396816, 213998, 340
8, 15859712, 13657560, 15804376, 2146816, 8396816, 155205982, 340
9, 15859712, 13665852, 15812668, 2146816, 8396816, 213228, 340
10, 21430272, 16794700, 21064808, 4270108, 16786324, 155206350, 158747514
11, 21430272, 16803056, 21073164, 4270108, 16786324, 214050, 340
12, 24248320, 22046996, 26317104, 4270108, 16786324, 155205982, 340
13, 24248320, 22055360, 26325468, 4270108, 16786324, 214327, 340
14, 29818880, 25184168, 31577608, 6393440, 25175792, 155206350, 158745560
15, 29818880, 25192596, 31586036, 6393440, 25175792, 215238, 340
16, 32636928, 30436536, 36829976, 6393440, 25175792, 155205982, 340
17, 32636928, 30444828, 36838268, 6393440, 25175792, 214395, 340
18, 38207488, 33573676, 42090408, 8516732, 33565300, 155206350, 158747404
19, 38207488, 33590160, 42106892, 8516732, 33573900, 214960, 340
20, 41025536, 38834100, 47350832, 8516732, 33573900, 155205982, 340
21, 41025536, 38842848, 47359580, 8516732, 33573900, 219293, 340
22, 46596096, 41972024, 52611720, 10639696, 41963648, 155206350, 158759128
23, 46596096, 41980512, 52620208, 10639696, 41963648, 215971, 340
24, 49414144, 47224452, 57864148, 10639696, 41963648, 155205982, 340
25, 49414144, 47232872, 57872568, 10639696, 41963648, 215766, 340
26, 54984704, 50361572, 63124708, 12763136, 50353196, 155206350, 158748988
27, 54984704, 50370072, 63133208, 12763136, 50353196, 216792, 340
28, 57802752, 55614012, 68377148, 12763136, 50353196, 155205982, 340
29, 57802752, 55622584, 68385720, 12763136, 50353196, 217331, 340
30, 63373312, 58751172, 73637860, 14886688, 58742796, 155206350, 158750917
31, 63373312, 58759816, 73646504, 14886688, 58742796, 218178, 340
32, 66191360, 64003756, 78890444, 14886688, 58742796, 155205982, 340
33, 66191360, 64012472, 78899160, 14886688, 58742796, 218718, 340
34, 71761920, 67140852, 84151300, 17010448, 67132476, 155206350, 158754311
35, 71761920, 67149632, 84160080, 17010448, 67132476, 219421, 340
36, 71761920, 67150708, 84161156, 17010448, 67132476, 17574, 340
37, 71761920, 67167356, 84177804, 17010448, 67132476, 269161, 340
38, 71761920, 67168796, 84179244, 17010448, 67132476, 23625, 340
39, 71761920, 67185172, 84195620, 17010448, 67132476, 416567, 340
40, 74645504, 72429152, 89439600, 17010448, 67132476, 155205982, 340
41, 74645504, 72438528, 89448976, 17010448, 67132476, 223789, 340
42, 80216064, 75533292, 94701116, 19167824, 75524916, 155206350, 158873744
43, 80216064, 75550940, 94718764, 19167824, 75533516, 224847, 340
44, 82968576, 80794880, 99962704, 19167824, 75533516, 155205982, 340
45, 83034112, 80803700, 99971524, 19167824, 75533516, 218416, 340
46, 88604672, 83932168, 105223664, 21291496, 83923792, 155206350, 158778822
47, 88604672, 83941068, 105232564, 21291496, 83923792, 219095, 340
48, 91357184, 89185008, 110476504, 21291496, 83923792, 155205982, 340
49, 91422720, 89193980, 110485476, 21291496, 83923792, 220289, 340
50, 96993280, 92322016, 115737616, 23415600, 92313640, 155206350, 158759805
51, 96993280, 92330908, 115746508, 23415600, 92313640, 219401, 340
52, 99745792, 97574848, 120990448, 23415600, 92313640, 155205982, 340
53, 99811328, 97583316, 120998916, 23415600, 92313640, 216231, 340
54, 105381888, 100711864, 126251056, 25539192, 100703488, 155206350, 158760225
55, 105381888, 100720396, 126259588, 25539192, 100703488, 216774, 340
56, 108134400, 105964336, 131503528, 25539192, 100703488, 155205982, 340
57, 108199936, 105972868, 131512060, 25539192, 100703488, 217577, 340
58, 113770496, 109101504, 136764200, 27662696, 109093128, 155206350, 158752360
59, 113770496, 109110116, 136772812, 27662696, 109093128, 217805, 340
60, 116523008, 114354056, 142016752, 27662696, 109093128, 155205982, 340
61, 116588544, 114362752, 142025448, 27662696, 109093128, 219284, 340
62, 122159104, 117491136, 147277588, 29786452, 117482760, 155206350, 158752347
63, 122159104, 117499688, 147286140, 29786452, 117482760, 217678, 340
64, 124911616, 122743628, 152530080, 29786452, 117482760, 155205982, 340
65, 124977152, 122752252, 152538704, 29786452, 117482760, 218528, 340
66, 130547712, 125880808, 157790844, 31910036, 125872432, 155206350, 158753729
67, 130547712, 125889816, 157799852, 31910036, 125872432, 222737, 340
68, 133300224, 131133756, 163043792, 31910036, 125872432, 155205982, 340
69, 133365760, 131142836, 163052872, 31910036, 125872432, 222791, 340
70, 138936320, 134271168, 168305012, 34033844, 134262792, 155206350, 158784965
71, 138936320, 134279928, 168313772, 34033844, 134262792, 219231, 340
72, 138936320, 134281004, 168314848, 34033844, 134262792, 17574, 340
73, 138936320, 134297372, 168331216, 34033844, 134262792, 269841, 340
74, 138936320, 134298812, 168332656, 34033844, 134262792, 23625, 340
75, 138936320, 134314892, 168348736, 34033844, 134262792, 415423, 340
76, 141754368, 139558872, 173592716, 34033844, 134262792, 155205982, 340
77, 141754368, 139567744, 173601588, 34033844, 134262792, 219040, 340
78, 147324928, 142663304, 178853728, 36190424, 142654928, 155206350, 158859540
79, 147324928, 142672060, 178862484, 36190424, 142654928, 219102, 340
80, 150142976, 147916000, 184106424, 36190424, 142654928, 155205982, 340
81, 150142976, 147924828, 184115252, 36190424, 142654928, 219443, 340
82, 155713536, 151053072, 189367392, 38314320, 151044696, 155206350, 158757403
83, 155713536, 151061728, 189376048, 38314320, 151044696, 217875, 340
84, 158531584, 156305668, 194619988, 38314320, 151044696, 155205982, 340
85, 158531584, 156314396, 194628716, 38314320, 151044696, 218124, 340
86, 164102144, 159442824, 199880856, 40438032, 159434448, 155206350, 158756616
87, 166592512, 159460164, 199898196, 40438032, 159443048, 223171, 340
88, 166920192, 164704104, 205142136, 40438032, 159443048, 155205982, 340
89, 166920192, 164713316, 205151348, 40438032, 159443048, 223423, 340
90, 172490752, 167841868, 210403488, 42561620, 167833492, 155206350, 158787962
91, 172490752, 167850596, 210412216, 42561620, 167833492, 218821, 340
92, 175308800, 173094536, 215656156, 42561620, 167833492, 155205982, 340
93, 175308800, 173103336, 215664956, 42561620, 167833492, 219339, 340
94, 180879360, 176231660, 220917096, 44685436, 176223284, 155206350, 158758030
95, 180879360, 176240532, 220925968, 44685436, 176223284, 219782, 340
96, 183697408, 181484472, 226169908, 44685436, 176223284, 155205982, 340
97, 183697408, 181493428, 226178864, 44685436, 176223284, 220657, 340
98, 189267968, 184621440, 231431004, 46809564, 184613064, 155206350, 158757145
99, 189267968, 184630260, 231439824, 46809564, 184613064, 219837, 340
100, 192086016, 189874200, 236683764, 46809564, 184613064, 155205982, 340
101, 192086016, 189882948, 236692512, 46809564, 184613064, 219006, 340
102, 197656576, 193011304, 241944652, 48933348, 193002928, 155206350, 158761161
103, 197656576, 193019900, 241953248, 48933348, 193002928, 218115, 340
104, 200474624, 198263840, 247197188, 48933348, 193002928, 155205982, 340
105, 200474624, 198272516, 247205864, 48933348, 193002928, 218188, 340
106, 206045184, 201401048, 252458004, 51056956, 201392672, 155206350, 158756833
107, 206045184, 201409716, 252466672, 51056956, 201392672, 218442, 340
108, 206045184, 201410792, 252467748, 51056956, 201392672, 17574, 340
109, 206045184, 201427240, 252484196, 51056956, 201392672, 272837, 340
110, 206045184, 201428680, 252485636, 51056956, 201392672, 23625, 340
111, 206045184, 201444784, 252501740, 51056956, 201392672, 417659, 340
112, 208863232, 206688764, 257745720, 51056956, 201392672, 155205982, 340
113, 208928768, 206697636, 257754592, 51056956, 201392672, 220061, 340
114, 214499328, 209793164, 263006732, 53213568, 209784788, 155206350, 158858568
115, 214499328, 209802116, 263015684, 53213568, 209784788, 220580, 340
116, 217251840, 215046056, 268259624, 53213568, 209784788, 155205982, 340
117, 217251840, 215054792, 268268360, 53213568, 209784788, 218835, 340
118, 222822400, 218183084, 273520500, 55337416, 218174708, 155206350, 158762997
119, 222822400, 218191892, 273529308, 55337416, 218174708, 219624, 340
120, 225640448, 223435836, 278773252, 55337416, 218174708, 155205982, 340
121, 225640448, 223444644, 278782060, 55337416, 218174708, 219162, 340
122, 231211008, 226572924, 284034204, 57461280, 226564548, 155206350, 158759773
123, 231211008, 226581796, 284043076, 57461280, 226564548, 219423, 340
124, 234029056, 231825740, 289287020, 57461280, 226564548, 155205982, 340
125, 234029056, 231834692, 289295972, 57461280, 226564548, 220128, 340
126, 239599616, 234962804, 294548116, 59585312, 234954428, 155206350, 158761567
127, 239599616, 234971684, 294556996, 59585312, 234954428, 220275, 340
128, 242417664, 240215628, 299800940, 59585312, 234954428, 155205982, 340
129, 242417664, 240224892, 299810204, 59585312, 234954428, 223894, 340
130, 247988224, 243353008, 305062348, 61709340, 243344632, 155206350, 158776308
131, 247988224, 243361952, 305071292, 61709340, 243344632, 220840, 340
132, 250806272, 248605896, 310315236, 61709340, 243344632, 155205982, 340
133, 250806272, 248615316, 310324656, 61709340, 243344632, 225429, 340
134, 256376832, 251743128, 315576800, 63833672, 251734752, 155206350, 158772483
135, 256376832, 251752084, 315585756, 63833672, 251734752, 221289, 340
136, 259194880, 256996028, 320829700, 63833672, 251734752, 155205982, 340
137, 259194880, 257005064, 320838736, 63833672, 251734752, 221649, 340
138, 264765440, 260133072, 326090880, 65957808, 260124696, 155206350, 158764207
139, 264765440, 260142172, 326099980, 65957808, 260124696, 221942, 340
140, 267583488, 265386116, 331343924, 65957808, 260124696, 155205982, 340
141, 267583488, 265395080, 331352888, 65957808, 260124696, 220831, 340
142, 273154048, 268523096, 336605032, 68081936, 268514720, 155206350, 158767051
143, 273154048, 268532128, 336614064, 68081936, 268514720, 221844, 340
144, 273154048, 268533208, 336615144, 68081936, 268514720, 17574, 340
145, 273154048, 268549948, 336631884, 68081936, 268514720, 277218, 340
146, 273154048, 268551392, 336633328, 68081936, 268514720, 23625, 340
147, 273154048, 268567716, 336649652, 68081936, 268514720, 420500, 340
148, 276037632, 273811700, 341893636, 68081936, 268514720, 155205982, 340
149, 276037632, 273821236, 341903172, 68081936, 268514720, 225843, 340
150, 281608192, 276915740, 347155316, 70239576, 276907364, 155206350, 158881174
151, 281608192, 276925648, 347165224, 70239576, 276907364, 230122, 340
152, 284360704, 282169592, 352409168, 70239576, 276907364, 155205982, 340
153, 284360704, 282179564, 352419140, 70239576, 276907364, 230281, 340
154, 289931264, 285306492, 357671284, 72364792, 285298116, 155206350, 158798955
155, 289931264, 285315808, 357680600, 72364792, 285298116, 223604, 340
156, 292749312, 290559752, 362924544, 72364792, 285298116, 155205982, 340
157, 292749312, 290569068, 362933860, 72364792, 285298116, 223410, 340
158, 298319872, 293696612, 368186004, 74489392, 293688236, 155206350, 158770409
159, 298319872, 293706376, 368195768, 74489392, 293688236, 228073, 340
160, 301137920, 298950320, 373439712, 74489392, 293688236, 155205982, 340
161, 301137920, 298959940, 373449332, 74489392, 293688236, 226851, 340
162, 306708480, 302087412, 378701476, 76614064, 302079036, 155206350, 158800134
163, 306708480, 302095908, 378709972, 76614064, 302079036, 216353, 340
164, 309526528, 307339852, 383953916, 76614064, 302079036, 155205982, 340
165, 309526528, 307348428, 383962492, 76614064, 302079036, 216305, 340
166, 315097088, 310477124, 389214636, 78737512, 310468748, 155206350, 158755549
167, 315097088, 310485772, 389223284, 78737512, 310468748, 216712, 340
168, 317915136, 315729716, 394467228, 78737512, 310468748, 155205982, 340
169, 317915136, 315738500, 394476012, 78737512, 310468748, 219198, 340
170, 323485696, 318866856, 399728156, 80861300, 318858480, 155206350, 158756308
171, 323485696, 318875704, 399737004, 80861300, 318858480, 219876, 340
172, 326303744, 324119648, 404980948, 80861300, 318858480, 155205982, 340
173, 326303744, 324128920, 404990220, 80861300, 318858480, 225535, 340
174, 331874304, 327257112, 410242364, 82985252, 327248736, 155206350, 158778245
175, 339673088, 327274304, 410259556, 82985252, 327257340, 222464, 340
176, 339673088, 332518248, 415503500, 82985252, 327257340, 155205614, 340
177, 339673088, 332526980, 415512232, 82985252, 327257340, 219313, 340
178, 340328448, 335655848, 420764376, 85108528, 335647472, 155205982, 158774236
179, 340328448, 335664508, 420773036, 85108528, 335647472, 218573, 340
180, 340328448, 335665588, 420774116, 85108528, 335647472, 17574, 340
181, 340328448, 335681888, 420790416, 85108528, 335647472, 276222, 340
182, 340328448, 335683332, 420791860, 85108528, 335647472, 23625, 340
183, 340328448, 335699360, 420807888, 85108528, 335647472, 419475, 340
184, 343146496, 340943344, 426051872, 85108528, 335647472, 155205982, 340
185, 343146496, 340952116, 426060644, 85108528, 335647472, 218800, 340
186, 348717056, 344048064, 431312788, 87264724, 344039688, 155206350, 158863115
187, 348717056, 344056908, 431321632, 87264724, 344039688, 219911, 340
188, 351469568, 349300852, 436565576, 87264724, 344039688, 155205982, 340
189, 351535104, 349309760, 436574484, 87264724, 344039688, 220438, 340
190, 357105664, 352438000, 441826628, 89388628, 352429624, 155206350, 158763617
191, 357105664, 352447312, 441835940, 89388628, 352429624, 224769, 340
192, 359858176, 357691256, 447079884, 89388628, 352429624, 155205982, 340
193, 359923712, 357700264, 447088892, 89388628, 352429624, 221683, 340
194, 365494272, 360828276, 452341036, 91512760, 360819900, 155206350, 158778792
195, 365494272, 360837348, 452350108, 91512760, 360819900, 221170, 340
196, 368312320, 366081292, 457594052, 91512760, 360819900, 155205982, 340
197, 368312320, 366090444, 457603204, 91512760, 360819900, 221014, 340
198, 373882880, 369218308, 462855348, 93637040, 369209932, 155206350, 158767283
199, 373882880, 369227164, 462864204, 93637040, 369209932, 218849, 340
200, 376700928, 374471108, 468108148, 93637040, 369209932, 155205982, 340
201, 376700928, 374480044, 468117084, 93637040, 369209932, 218860, 340
202, 382271488, 377608220, 473369228, 95761008, 377599844, 155206350, 158762839
203, 382271488, 377617220, 473378228, 95761008, 377599844, 219067, 340
204, 385089536, 382861164, 478622172, 95761008, 377599844, 155205982, 340
205, 385089536, 382870164, 478631172, 95761008, 377599844, 221054, 340
206, 390660096, 385998152, 483883316, 97885164, 385989776, 155206350, 158763562
207, 390660096, 386007224, 483892388, 97885164, 385989776, 221480, 340
208, 393478144, 391251168, 489136332, 97885164, 385989776, 155205982, 340
209, 393478144, 391260304, 489145468, 97885164, 385989776, 221392, 340
210, 399048704, 394388232, 494397612, 100009380, 394379856, 155206350, 158769155
211, 399048704, 394397564, 494406944, 100009380, 394379856, 225534, 340
212, 401866752, 399641508, 499650888, 100009380, 394379856, 155205982, 340
213, 401866752, 399650168, 499659548, 100009380, 394379856, 218902, 340
214, 407437312, 402778532, 504911692, 102133160, 402770156, 155206350, 158780050
215, 407437312, 402787256, 504920416, 102133160, 402770156, 218988, 340
216, 407437312, 402788336, 504921496, 102133160, 402770156, 17574, 340
217, 407437312, 402804772, 504937932, 102133160, 402770156, 279597, 340
218, 407437312, 402806216, 504939376, 102133160, 402770156, 23625, 340
219, 407437312, 402822388, 504955548, 102133160, 402770156, 421778, 340
220, 410255360, 408066372, 510199532, 102133160, 402770156, 155205982, 340
221, 410255360, 408075352, 510208512, 102133160, 402770156, 220546, 340
222, 415825920, 411170780, 515460656, 104289876, 411162404, 155206350, 158864057
223, 415825920, 411179552, 515469428, 104289876, 411162404, 219677, 340
224, 418643968, 416423496, 520713372, 104289876, 411162404, 155205982, 340
225, 418643968, 416432340, 520722216, 104289876, 411162404, 219911, 340
226, 424214528, 419560684, 525974360, 106413676, 419552308, 155206350, 158762597
227, 424214528, 419569592, 525983268, 106413676, 419552308, 220629, 340
228, 427032576, 424813536, 531227212, 106413676, 419552308, 155205982, 340
229, 427032576, 424822464, 531236140, 106413676, 419552308, 220606, 340
230, 432603136, 427950624, 536488284, 108537660, 427942248, 155206350, 158763683
231, 432603136, 427959632, 536497292, 108537660, 427942248, 220967, 340
232, 435421184, 433203576, 541741236, 108537660, 427942248, 155205982, 340
233, 435421184, 433212440, 541750100, 108537660, 427942248, 219069, 340
234, 440991744, 436340616, 547002244, 110661628, 436332240, 155206350, 158765799
235, 440991744, 436349544, 547011172, 110661628, 436332240, 219442, 340
236, 443809792, 441593488, 552255116, 110661628, 436332240, 155205982, 340
237, 443809792, 441602496, 552264124, 110661628, 436332240, 219573, 340
238, 449380352, 444730568, 557516268, 112785700, 444722192, 155206350, 158764227
239, 449380352, 444739648, 557525348, 112785700, 444722192, 219868, 340
240, 452198400, 449983592, 562769292, 112785700, 444722192, 155205982, 340
241, 452198400, 449992152, 562777852, 112785700, 444722192, 217750, 340
242, 457768960, 453120532, 568029996, 114909464, 453112156, 155206350, 158764480
243, 457768960, 453129164, 568038628, 114909464, 453112156, 218218, 340
244, 460587008, 458373108, 573282572, 114909464, 453112156, 155205982, 340
245, 460587008, 458381812, 573291276, 114909464, 453112156, 218219, 340
246, 466157568, 461510372, 578543420, 117033048, 461501996, 155206350, 158760254
247, 466157568, 461519416, 578552464, 117033048, 461501996, 223189, 340
248, 468975616, 466763360, 583796408, 117033048, 461501996, 155205982, 340
249, 468975616, 466772084, 583805132, 117033048, 461501996, 219131, 340
250, 474546176, 469900504, 589057276, 119156772, 469892128, 155206350, 158773528
251, 474546176, 469909300, 589066072, 119156772, 469892128, 219268, 340
252, 474546176, 469910380, 589067152, 119156772, 469892128, 17574, 340
253, 474546176, 469927048, 589083820, 119156772, 469892128, 283566, 340
254, 474546176, 469928492, 589085264, 119156772, 469892128, 23625, 340
255, 474546176, 469944520, 589101292, 119156772, 469892128, 421435, 340
256, 477364224, 475188504, 594345276, 119156772, 469892128, 155205982, 340
257, 477364224, 475197204, 594353976, 119156772, 469892128, 218693, 340
258, 483000320, 478292880, 599606120, 121313240, 478284504, 155206842, 158868811
259, 483000320, 478301644, 599614884, 121313240, 478284504, 219787, 340
260, 485752832, 483545588, 604858828, 121313240, 478284504, 155205982, 340
261, 485752832, 483554424, 604867664, 121313240, 478284504, 220076, 340
262, 491323392, 486682776, 610119808, 123437032, 486674400, 155206350, 158762090
263, 491323392, 486691692, 610128724, 123437032, 486674400, 220730, 340
264, 494141440, 491935636, 615372668, 123437032, 486674400, 155205982, 340
265, 494141440, 491944572, 615381604, 123437032, 486674400, 220670, 340
266, 499712000, 495072724, 620633748, 125561024, 495064348, 155206350, 158764244
267, 499712000, 495081228, 620642252, 125561024, 495064348, 217153, 340
268, 502530048, 500325172, 625886196, 125561024, 495064348, 155205982, 340
269, 502530048, 500333740, 625894764, 125561024, 495064348, 216680, 340
270, 508100608, 503462428, 631146908, 127684480, 503454052, 155206350, 158754711
271, 508100608, 503471076, 631155556, 127684480, 503454052, 217335, 340
272, 510918656, 508715020, 636399500, 127684480, 503454052, 155205982, 340
273, 510918656, 508723588, 636408068, 127684480, 503454052, 216255, 340
274, 516489216, 511852212, 641660212, 129808000, 511843836, 155206350, 158757931
275, 516489216, 511860860, 641668860, 129808000, 511843836, 217021, 340
276, 519307264, 517104804, 646912804, 129808000, 511843836, 155205982, 340
277, 519307264, 517113508, 646921508, 129808000, 511843836, 218900, 340
278, 524877824, 520241936, 652173652, 131931716, 520233560, 155206350, 158755814
279, 524877824, 520250576, 652182292, 131931716, 520233560, 218472, 340
280, 527695872, 525494520, 657426236, 131931716, 520233560, 155205982, 340
281, 527695872, 525503224, 657434940, 131931716, 520233560, 218285, 340
282, 533266432, 528631776, 662687084, 134055308, 528623400, 155206350, 158760351
283, 533266432, 528640884, 662696192, 134055308, 528623400, 223693, 340
284, 536084480, 533884828, 667940136, 134055308, 528623400, 155205982, 340
285, 536084480, 533893560, 667948868, 134055308, 528623400, 219422, 340
286, 541655040, 537021956, 673201012, 136179056, 537013580, 155206350, 158775678
287, 541655040, 537030760, 673209816, 136179056, 537013580, 219601, 340
288, 541655040, 537031840, 673210896, 136179056, 537013580, 17574, 340
289, 541655040, 537050956, 673230012, 136179056, 537013580, 309747, 340
290, 541655040, 537052400, 673231456, 136179056, 537013580, 23625, 340
291, 541655040, 537070076, 673249132, 136179056, 537013580, 438191, 340
292, 544538624, 542314060, 678493116, 136179056, 537013580, 155205982, 340
293, 544538624, 542323496, 678502552, 136179056, 537013580, 225290, 340
294, 550109184, 545417636, 683754696, 138337060, 545409260, 155206350, 159017857
295, 550109184, 545427144, 683764204, 138337060, 545409260, 226175, 340
296, 552861696, 550671088, 689008148, 138337060, 545409260, 155205982, 340
297, 552861696, 550680284, 689017344, 138337060, 545409260, 222592, 340
298, 558432256, 553808056, 694269488, 140461432, 553799680, 155206350, 158784089
299, 558432256, 553816892, 694278324, 140461432, 553799680, 220074, 340
300, 561250304, 559060836, 699522268, 140461432, 553799680, 155205982, 340
301, 561250304, 559069628, 699531060, 140461432, 553799680, 219554, 340
302, 566820864, 562197964, 704783204, 142585240, 562189588, 155206350, 158762760
303, 566820864, 562206828, 704792068, 142585240, 562189588, 219754, 340
304, 569638912, 567450772, 710036012, 142585240, 562189588, 155205982, 340
305, 569638912, 567459700, 710044940, 142585240, 562189588, 219339, 340
306, 575209472, 570587868, 715297084, 144709216, 570579492, 155206350, 158761997
307, 575209472, 570596868, 715306084, 144709216, 570579492, 219865, 340
308, 578027520, 575840812, 720550028, 144709216, 570579492, 155205982, 340
309, 578027520, 575849388, 720558604, 144709216, 570579492, 216605, 340
310, 583598080, 578977860, 725810748, 146832888, 578969484, 155206350, 158765683
311, 583598080, 578986508, 725819396, 146832888, 578969484, 217727, 340
312, 586416128, 584230452, 731063340, 146832888, 578969484, 155205982, 340
313, 586416128, 584239164, 731072052, 146832888, 578969484, 219025, 340
314, 591986688, 587367592, 736324196, 148956604, 587359216, 155206350, 158756308
315, 591986688, 587376368, 736332972, 148956604, 587359216, 219500, 340
316, 594804736, 592620312, 741576916, 148956604, 587359216, 155205982, 340
317, 594804736, 592629016, 741585620, 148956604, 587359216, 218514, 340
318, 600375296, 595757512, 746837764, 151080252, 595749136, 155206350, 158762636
319, 600375296, 595766628, 746846880, 151080252, 595749136, 223605, 340
320, 603193344, 601010572, 752090824, 151080252, 595749136, 155205982, 340
321, 603193344, 601019368, 752099620, 151080252, 595749136, 219491, 340
322, 608763904, 604147684, 757351764, 153204080, 604139308, 155206350, 158775266
323, 608763904, 604156552, 757360632, 153204080, 604139308, 219730, 340
324, 608763904, 604157632, 757361712, 153204080, 604139308, 17574, 340
325, 608763904, 604174956, 757379036, 153204080, 604139308, 284473, 340
326, 608763904, 604176400, 757380480, 153204080, 604139308, 23625, 340
327, 608763904, 604193032, 757397112, 153204080, 604139308, 424727, 340
328, 611647488, 609437016, 762641096, 153204080, 604139308, 155205982, 340
329, 611647488, 609445832, 762649912, 153204080, 604139308, 218895, 340
330, 617218048, 612540596, 767902056, 155361460, 612532220, 155206350, 158888370
331, 617218048, 612549672, 767911132, 155361460, 612532220, 222923, 340
332, 619970560, 617793616, 773155076, 155361460, 612532220, 155205982, 340
333, 619970560, 617802380, 773163840, 155361460, 612532220, 219282, 340
334, 625606656, 620930776, 778415984, 157485208, 620922400, 155206350, 158775685
335, 625606656, 620939612, 778424820, 157485208, 620922400, 219819, 340
336, 628359168, 626183556, 783668764, 157485208, 620922400, 155205982, 340
337, 628359168, 626192268, 783677476, 157485208, 620922400, 218730, 340
338, 633995264, 629320676, 788929620, 159608944, 629312300, 155206780, 158761885
339, 633995264, 629329460, 788938404, 159608944, 629312300, 218828, 340
340, 636747776, 634573404, 794182348, 159608944, 629312300, 155205982, 340
341, 636813312, 634582196, 794191140, 159608944, 629312300, 218673, 340
342, 642383872, 637710548, 799443284, 161732736, 637702172, 155206350, 158761393
343, 642383872, 637719332, 799452068, 161732736, 637702172, 218402, 340
344, 645136384, 642963276, 804696012, 161732736, 637702172, 155205982, 340
345, 645201920, 642972132, 804704868, 161732736, 637702172, 219288, 340
346, 650772480, 646100412, 809957012, 163856600, 646092036, 155206350, 158760786
347, 650772480, 646109348, 809965948, 163856600, 646092036, 220260, 340
348, 653524992, 651353292, 815209892, 163856600, 646092036, 155205982, 340
349, 653590528, 651362364, 815218964, 163856600, 646092036, 221779, 340
350, 659161088, 654490304, 820471108, 165980804, 654481928, 155206350, 158761812
351, 659161088, 654499440, 820480244, 165980804, 654481928, 221944, 340
352, 661913600, 659743384, 825724188, 165980804, 654481928, 155205982, 340
353, 661979136, 659752600, 825733404, 165980804, 654481928, 222455, 340
354, 667549696, 662880432, 830985548, 168105116, 662872056, 155206350, 158771133
355, 685768704, 662898252, 831003368, 168105116, 662880660, 227578, 340
356, 685768704, 668142196, 836247312, 168105116, 662880660, 155205614, 340
357, 685768704, 668151504, 836256620, 168105116, 662880660, 223559, 340
358, 685768704, 671279524, 841508764, 170229240, 671271148, 155205614, 158786921
359, 685768704, 671288896, 841518136, 170229240, 671271148, 223703, 340

