Step, Memory, Heap, Allocated, Reclaimed, Live, Mutator, Collector
0, 2228224, 14772, 14772, 0, 0, 9901, 335
1, 2293760, 42836, 42836, 0, 0, 381262, 335
2, 2293760, 45780, 45780, 0, 0, 12209, 335
3, 2293760, 83840, 83840, 0, 0, 670552, 335
4, 7536640, 5329324, 5329324, 0, 0, 112202901, 335
5, 7602176, 5349812, 5349812, 0, 0, 335455, 335
6, 13172736, 8405800, 10603460, 2197660, 8397388, 112202901, 150716482
7, 13172736, 8426400, 10624060, 2197660, 8397388, 337180, 335
8, 15925248, 13671852, 15869512, 2197660, 8397388, 112202989, 335
9, 15925248, 13692332, 15889992, 2197660, 8397388, 336284, 335
10, 21495808, 16795552, 21143644, 4348092, 16787140, 112203019, 150298237
11, 21495808, 16816136, 21164228, 4348092, 16787140, 337260, 335
12, 24313856, 22061588, 26409680, 4348092, 16787140, 112202989, 335
13, 24313856, 22082212, 26430304, 4348092, 16787140, 337476, 335
14, 29884416, 25185336, 31683956, 6498620, 25176924, 112203019, 150301306
15, 29884416, 25206056, 31704676, 6498620, 25176924, 338314, 335
16, 32702464, 30451508, 36950128, 6498620, 25176924, 112202989, 335
17, 32702464, 30472116, 36970736, 6498620, 25176924, 337493, 335
18, 38273024, 33575216, 42224388, 8649172, 33566804, 112203019, 150306918
19, 38273024, 33604056, 42253228, 8649172, 33575588, 337996, 335
20, 41091072, 38849508, 47498680, 8649172, 33575588, 112202989, 335
21, 41091072, 38870636, 47519808, 8649172, 33575588, 342058, 335
22, 46661632, 41973960, 52773460, 10799500, 41965548, 112203019, 150313089
23, 46661632, 41994692, 52794192, 10799500, 41965548, 338591, 335
24, 49479680, 47240144, 58039644, 10799500, 41965548, 112202989, 335
25, 49479680, 47260840, 58060340, 10799500, 41965548, 338497, 335
26, 55050240, 50363856, 63313992, 12950136, 50355444, 112203019, 150307736
27, 55050240, 50384632, 63334768, 12950136, 50355444, 339269, 335
28, 57868288, 55630084, 68580220, 12950136, 50355444, 112202989, 335
29, 57868288, 55650956, 68601092, 12950136, 50355444, 339881, 335
30, 63438848, 58754020, 73854744, 15100724, 58745608, 112203019, 150325920
31, 63438848, 58774964, 73875688, 15100724, 58745608, 340579, 335
32, 66256896, 64020416, 79121140, 15100724, 58745608, 112202989, 335
33, 66256896, 64041464, 79142188, 15100724, 58745608, 341328, 335
34, 71827456, 67144328, 84395840, 17251512, 67135916, 112203019, 150333918
35, 71827456, 67165456, 84416968, 17251512, 67135916, 342270, 335
36, 71827456, 67168044, 84419556, 17251512, 67135916, 6359, 335
37, 71827456, 67197228, 84448740, 17251512, 67135916, 393010, 335
38, 71827456, 67200180, 84451692, 17251512, 67135916, 12327, 335
39, 71827456, 67239216, 84490728, 17251512, 67135916, 678283, 335
40, 74711040, 72484708, 89736220, 17251512, 67135916, 112202989, 335
41, 74711040, 72506456, 89757968, 17251512, 67135916, 346742, 335
42, 80281600, 75537964, 95011620, 19473656, 75529552, 112203019, 150523873
43, 80281600, 75567984, 95041640, 19473656, 75538336, 347613, 335
44, 83034112, 80813436, 100287092, 19473656, 75538336, 112202989, 335
45, 83034112, 80834452, 100308108, 19473656, 75538336, 340904, 335
46, 88604672, 83937340, 105561760, 21624420, 83928928, 112203019, 150349270
47, 88604672, 83958468, 105582888, 21624420, 83928928, 342016, 335
48, 91422720, 89203920, 110828340, 21624420, 83928928, 112202989, 335
49, 91422720, 89225184, 110849604, 21624420, 83928928, 343108, 335
50, 96993280, 92327728, 116103256, 23775528, 92319316, 112203019, 150337552
51, 96993280, 92348888, 116124416, 23775528, 92319316, 342486, 335
52, 99811328, 97594340, 121369868, 23775528, 92319316, 112202989, 335
53, 99811328, 97615036, 121390564, 23775528, 92319316, 338759, 335
54, 105381888, 100718084, 126644216, 25926132, 100709672, 112203019, 150335292
55, 105381888, 100738884, 126665016, 25926132, 100709672, 339970, 335
56, 108199936, 105984336, 131910468, 25926132, 100709672, 112202989, 335
57, 108199936, 106005200, 131931332, 25926132, 100709672, 340622, 335
58, 113836032, 109108336, 137184984, 28076648, 109099924, 112203019, 150330963
59, 113836032, 109129232, 137205880, 28076648, 109099924, 340777, 335
60, 116588544, 114374684, 142451332, 28076648, 109099924, 112202989, 335
61, 116588544, 114395696, 142472344, 28076648, 109099924, 341796, 335
62, 122224640, 117498372, 147725996, 30227624, 117489960, 112203049, 150316267
63, 122224640, 117519184, 147746808, 30227624, 117489960, 340409, 335
64, 124977152, 122764636, 152992260, 30227624, 117489960, 112202989, 335
65, 124977152, 122785552, 153013176, 30227624, 117489960, 341099, 335
66, 130613248, 125888616, 158266828, 32378212, 125880204, 112203019, 150330915
67, 130613248, 125909980, 158288192, 32378212, 125880204, 345199, 335
68, 133365760, 131155432, 163533644, 32378212, 125880204, 112202989, 335
69, 133431296, 131176868, 163555080, 32378212, 125880204, 345580, 335
70, 139001856, 134279196, 168808732, 34529536, 134270784, 112203019, 150352127
71, 139001856, 134300256, 168829792, 34529536, 134270784, 342188, 335
72, 139001856, 134302844, 168832380, 34529536, 134270784, 6359, 335
73, 139001856, 134331932, 168861468, 34529536, 134270784, 394203, 335
74, 139001856, 134334884, 168864420, 34529536, 134270784, 12327, 335
75, 139001856, 134373680, 168903216, 34529536, 134270784, 678494, 335
76, 141819904, 139619172, 174148708, 34529536, 134270784, 112202989, 335
77, 141885440, 139640288, 174169824, 34529536, 134270784, 341893, 335
78, 147456000, 142672920, 179423476, 36750556, 142664508, 112203019, 150528958
79, 147456000, 142694000, 179444556, 36750556, 142664508, 342304, 335
80, 150142976, 147939452, 184690008, 36750556, 142664508, 112202989, 335
81, 150208512, 147960596, 184711152, 36750556, 142664508, 342544, 335
82, 155779072, 151063348, 189964804, 38901456, 151054936, 112203019, 150340724
83, 155779072, 151084216, 189985672, 38901456, 151054936, 340505, 335
84, 158531584, 156329668, 195231124, 38901456, 151054936, 112202989, 335
85, 158597120, 156350616, 195252072, 38901456, 151054936, 341018, 335
86, 164167680, 159453584, 200505724, 41052140, 159445172, 112203019, 150328772
87, 166658048, 159483296, 200535436, 41052140, 159453956, 345872, 335
88, 166920192, 164728748, 205780888, 41052140, 159453956, 112202989, 335
89, 166985728, 164750316, 205802456, 41052140, 159453956, 346256, 335
90, 172556288, 167853032, 211056108, 43203076, 167844620, 112203019, 150356538
91, 172556288, 167874004, 211077080, 43203076, 167844620, 341343, 335
92, 175374336, 173119456, 216322532, 43203076, 167844620, 112202989, 335
93, 175374336, 173140532, 216343608, 43203076, 167844620, 342031, 335
94, 180944896, 176243396, 221597260, 45353864, 176234984, 112203019, 150336532
95, 180944896, 176264520, 221618384, 45353864, 176234984, 342524, 335
96, 183762944, 181509972, 226863836, 45353864, 176234984, 112202989, 335
97, 183762944, 181531212, 226885076, 45353864, 176234984, 343545, 335
98, 189333504, 184633564, 232138728, 47505164, 184625152, 112203019, 150323505
99, 189333504, 184654628, 232159792, 47505164, 184625152, 342375, 335
100, 192151552, 189900080, 237405244, 47505164, 184625152, 112202989, 335
101, 192151552, 189921064, 237426228, 47505164, 184625152, 341549, 335
102, 197722112, 193023960, 242679880, 49655920, 193015548, 112203019, 150338338
103, 197722112, 193044800, 242700720, 49655920, 193015548, 340583, 335
104, 200540160, 198290252, 247946172, 49655920, 193015548, 112202989, 335
105, 200540160, 198311132, 247967052, 49655920, 193015548, 340590, 335
106, 206110720, 201414204, 253220704, 51806500, 201405792, 112203019, 150329646
107, 206110720, 201435092, 253241592, 51806500, 201405792, 340982, 335
108, 206110720, 201437680, 253244180, 51806500, 201405792, 6359, 335
109, 206110720, 201467032, 253273532, 51806500, 201405792, 397526, 335
110, 206110720, 201469984, 253276484, 51806500, 201405792, 12327, 335
111, 206110720, 201508948, 253315448, 51806500, 201405792, 680361, 335
112, 208994304, 206754440, 258560940, 51806500, 201405792, 112202989, 335
113, 208994304, 206775628, 258582128, 51806500, 201405792, 342680, 335
114, 214564864, 209808220, 263835780, 54027560, 209799808, 112203019, 150549476
115, 214564864, 209829440, 263857000, 54027560, 209799808, 343062, 335
116, 217317376, 215074892, 269102452, 54027560, 209799808, 112202989, 335
117, 217317376, 215095896, 269123456, 54027560, 209799808, 341429, 335
118, 222887936, 218198736, 274377112, 56178376, 218190324, 112203019, 150345103
119, 222887936, 218219828, 274398204, 56178376, 218190324, 342108, 335
120, 225705984, 223465284, 279643660, 56178376, 218190324, 112203004, 335
121, 225705984, 223486336, 279664712, 56178376, 218190324, 341843, 335
122, 231276544, 226589148, 284918368, 58329220, 226580736, 112203034, 150339588
123, 231276544, 226610272, 284939492, 58329220, 226580736, 342548, 335
124, 234094592, 231855728, 290184948, 58329220, 226580736, 112202989, 335
125, 234094592, 231876948, 290206168, 58329220, 226580736, 343161, 335
126, 239665152, 234979592, 295459824, 60480232, 234971180, 112203019, 150340893
127, 239665152, 235000772, 295481004, 60480232, 234971180, 343224, 335
128, 242483200, 240246228, 300726460, 60480232, 234971180, 112202989, 335
129, 242483200, 240267832, 300748064, 60480232, 234971180, 346964, 335
130, 248053760, 243370240, 306001720, 62631480, 243361828, 112203019, 150354607
131, 248053760, 243391500, 306022980, 62631480, 243361828, 343869, 335
132, 250871808, 248636956, 311268436, 62631480, 243361828, 112202989, 335
133, 250871808, 248658716, 311290196, 62631480, 243361828, 348138, 335
134, 256442368, 251760580, 316543852, 64783272, 251752168, 112203019, 150334168
135, 256442368, 251781844, 316565116, 64783272, 251752168, 343991, 335
136, 259260416, 257027300, 321810572, 64783272, 251752168, 112202989, 335
137, 259260416, 257048644, 321831916, 64783272, 251752168, 344475, 335
138, 264830976, 260151192, 327085572, 66934380, 260142780, 112203019, 150352205
139, 264830976, 260172576, 327106956, 66934380, 260142780, 344845, 335
140, 267649024, 265418032, 332352412, 66934380, 260142780, 112202989, 335
141, 267649024, 265439264, 332373644, 66934380, 260142780, 343578, 335
142, 273219584, 268541812, 337627300, 69085488, 268533400, 112203019, 150351028
143, 273219584, 268563160, 337648648, 69085488, 268533400, 344804, 335
144, 273219584, 268565752, 337651240, 69085488, 268533400, 6359, 335
145, 273219584, 268595580, 337681068, 69085488, 268533400, 402527, 335
146, 273219584, 268598536, 337684024, 69085488, 268533400, 12327, 335
147, 273219584, 268637808, 337723296, 69085488, 268533400, 683504, 335
148, 276103168, 273883304, 342968792, 69085488, 268533400, 112202989, 335
149, 276103168, 273905164, 342990652, 69085488, 268533400, 348764, 335
150, 281673728, 276936508, 348244308, 71307800, 276928096, 112203019, 150592488
151, 281673728, 276958748, 348266548, 71307800, 276928096, 352295, 335
152, 284426240, 282204204, 353512004, 71307800, 276928096, 112202989, 335
153, 284426240, 282226516, 353534316, 71307800, 276928096, 352705, 335
154, 289996800, 285327480, 358787972, 73460492, 285319068, 112203019, 150372555
155, 289996800, 285349096, 358809588, 73460492, 285319068, 346352, 335
156, 292814848, 290594552, 364055044, 73460492, 285319068, 112202989, 335
157, 292814848, 290616176, 364076668, 73460492, 285319068, 346398, 335
158, 298385408, 293718268, 369330324, 75612056, 293709856, 112203019, 150361188
159, 298385408, 293740372, 369352428, 75612056, 293709856, 350625, 335
160, 301203456, 298985828, 374597884, 75612056, 293709856, 112202989, 335
161, 301203456, 299007788, 374619844, 75612056, 293709856, 349495, 335
162, 306774016, 302109288, 379873500, 77764212, 302100876, 112203019, 150374843
163, 306774016, 302129924, 379894136, 77764212, 302100876, 338661, 335
164, 309592064, 307375380, 385139592, 77764212, 302100876, 112202989, 335
165, 309592064, 307396056, 385160268, 77764212, 302100876, 338685, 335
166, 315162624, 310499316, 390413924, 79914608, 310490904, 112203019, 150315442
167, 315162624, 310520032, 390434640, 79914608, 310490904, 339081, 335
168, 317980672, 315765488, 395680096, 79914608, 310490904, 112202989, 335
169, 317980672, 315786452, 395701060, 79914608, 310490904, 341638, 335
170, 323616768, 318889396, 400954716, 82065320, 318880984, 112203019, 150318726
171, 323616768, 318910424, 400975744, 82065320, 318880984, 342164, 335
172, 326369280, 324155880, 406221200, 82065320, 318880984, 112202989, 335
173, 326369280, 324177484, 406242804, 82065320, 318880984, 347720, 335
174, 332005376, 327279992, 411496460, 84216468, 327271580, 112203019, 150350660
175, 339738624, 327309524, 411525992, 84216468, 327280368, 345005, 335
176, 339738624, 332554980, 416771448, 84216468, 327280368, 112202959, 335
177, 339738624, 332575964, 416792432, 84216468, 327280368, 341671, 335
178, 340393984, 335679316, 422046088, 86366772, 335670904, 112202989, 150348306
179, 340393984, 335700164, 422066936, 86366772, 335670904, 340714, 335
180, 340393984, 335702756, 422069528, 86366772, 335670904, 6359, 335
181, 340393984, 335732352, 422099124, 86366772, 335670904, 402029, 335
182, 340393984, 335735308, 422102080, 86366772, 335670904, 12327, 335
183, 340393984, 335774380, 422141152, 86366772, 335670904, 682233, 335
184, 343212032, 341019876, 427386648, 86366772, 335670904, 112202989, 335
185, 343277568, 341040852, 427407624, 86366772, 335670904, 341248, 335
186, 348848128, 344073928, 432661280, 88587352, 344065516, 112203019, 150589919
187, 348848128, 344094976, 432682328, 88587352, 344065516, 341988, 335
188, 351535104, 349340432, 437927784, 88587352, 344065516, 112202989, 335
189, 351600640, 349361552, 437948904, 88587352, 344065516, 342392, 335
190, 357171200, 352464404, 443202560, 90738156, 352455992, 112203019, 150342258
191, 357171200, 352486040, 443224196, 90738156, 352455992, 347036, 335
192, 359923712, 357731496, 448469652, 90738156, 352455992, 112202989, 335
193, 359989248, 357752796, 448490952, 90738156, 352455992, 343882, 335
194, 365559808, 360855124, 453744608, 92889484, 360846712, 112203019, 150358631
195, 365559808, 360876432, 453765916, 92889484, 360846712, 343868, 335
196, 368377856, 366121888, 459011372, 92889484, 360846712, 112203019, 335
197, 368377856, 366143196, 459032680, 92889484, 360846712, 343461, 335
198, 373948416, 369245624, 464286336, 95040712, 369237212, 112203019, 150342414
199, 373948416, 369266620, 464307332, 95040712, 369237212, 341557, 335
200, 376766464, 374512076, 469552788, 95040712, 369237212, 112202989, 335
201, 376766464, 374533112, 469573824, 95040712, 369237212, 341567, 335
202, 382337024, 377635852, 474827480, 97191628, 377627440, 112203019, 150326200
203, 382337024, 377656928, 474848556, 97191628, 377627440, 341854, 335
204, 385155072, 382902384, 480094012, 97191628, 377627440, 112202989, 335
205, 385155072, 382923596, 480115224, 97191628, 377627440, 343776, 335
206, 390725632, 386026164, 485368880, 99342716, 386017752, 112203019, 150331053
207, 390725632, 386047408, 485390124, 99342716, 386017752, 343900, 335
208, 393543680, 391292864, 490635580, 99342716, 386017752, 112202989, 335
209, 393543680, 391314156, 490656872, 99342716, 386017752, 344137, 335
210, 399114240, 394416696, 495910528, 101493832, 394408284, 112203019, 150345057
211, 399114240, 394438352, 495932184, 101493832, 394408284, 348045, 335
212, 401932288, 399683808, 501177640, 101493832, 394408284, 112202989, 335
213, 401932288, 399704720, 501198552, 101493832, 394408284, 341486, 335
214, 407502848, 402807400, 506452208, 103644808, 402798988, 112203019, 150357258
215, 407502848, 402828328, 506473136, 103644808, 402798988, 341578, 335
216, 407502848, 402830920, 506475728, 103644808, 402798988, 6359, 335
217, 407502848, 402860844, 506505652, 103644808, 402798988, 406084, 335
218, 407502848, 402863800, 506508608, 103644808, 402798988, 12327, 335
219, 407502848, 402903112, 506547920, 103644808, 402798988, 685484, 335
220, 410386432, 408148608, 511793416, 103644808, 402798988, 112202989, 335
221, 410386432, 408169840, 511814648, 103644808, 402798988, 343463, 335
222, 415956992, 411202380, 517068304, 105865924, 411193968, 112203019, 150614947
223, 415956992, 411223388, 517089312, 105865924, 411193968, 341841, 335
224, 418709504, 416468844, 522334768, 105865924, 411193968, 112202989, 335
225, 418709504, 416489924, 522355848, 105865924, 411193968, 342220, 335
226, 424280064, 419592880, 527609504, 108016624, 419584468, 112203019, 150344053
227, 424280064, 419614040, 527630664, 108016624, 419584468, 343053, 335
228, 427098112, 424859496, 532876120, 108016624, 419584468, 112202989, 335
229, 427098112, 424880724, 532897348, 108016624, 419584468, 343342, 335
230, 432668672, 427983464, 538151004, 110167540, 427975052, 112203019, 150350062
231, 432668672, 428004700, 538172240, 110167540, 427975052, 343355, 335
232, 435486720, 433250156, 543417696, 110167540, 427975052, 112202989, 335
233, 435486720, 433271176, 543438716, 110167540, 427975052, 341453, 335
234, 441057280, 436373924, 548692372, 112318448, 436365512, 112203019, 150340544
235, 441057280, 436394992, 548713440, 112318448, 436365512, 341885, 335
236, 443875328, 441640448, 553958896, 112318448, 436365512, 112202989, 335
237, 443875328, 441661548, 553979996, 112318448, 436365512, 341817, 335
238, 449445888, 444764184, 559233652, 114469468, 444755772, 112203019, 150327459
239, 449445888, 444785332, 559254800, 114469468, 444755772, 342245, 335
240, 452263936, 450030788, 564500256, 114469468, 444755772, 112202989, 335
241, 452263936, 450051568, 564521036, 114469468, 444755772, 340273, 335
242, 457834496, 453154536, 569774692, 116620156, 453146124, 112203019, 150333646
243, 457834496, 453175356, 569795512, 116620156, 453146124, 340564, 335
244, 460652544, 458420812, 575040968, 116620156, 453146124, 112202989, 335
245, 460652544, 458441672, 575061828, 116620156, 453146124, 340521, 335
246, 466223104, 461544828, 580315484, 118770656, 461536416, 112203019, 150332006
247, 466223104, 461566188, 580336844, 118770656, 461536416, 345263, 335
248, 469041152, 466811644, 585582300, 118770656, 461536416, 112202989, 335
249, 469041152, 466832636, 585603292, 118770656, 461536416, 341678, 335
250, 474611712, 469935380, 590856948, 120921568, 469926968, 112203019, 150349640
251, 474611712, 469956372, 590877940, 120921568, 469926968, 341572, 335
252, 474611712, 469958964, 590880532, 120921568, 469926968, 6359, 335
253, 474611712, 469989304, 590910872, 120921568, 469926968, 410182, 335
254, 474611712, 469992260, 590913828, 120921568, 469926968, 12327, 335
255, 474611712, 470031508, 590953076, 120921568, 469926968, 684828, 335
256, 477495296, 475277004, 596198572, 120921568, 469926968, 112202989, 335
257, 477495296, 475297972, 596219540, 120921568, 469926968, 341111, 335
258, 483131392, 478330784, 601473196, 123142412, 478322372, 112203019, 150641203
259, 483131392, 478351824, 601494236, 123142412, 478322372, 342261, 335
260, 485818368, 483597280, 606739692, 123142412, 478322372, 112202989, 335
261, 485818368, 483618392, 606760804, 123142412, 478322372, 342670, 335
262, 491388928, 486721348, 612014460, 125293112, 486712936, 112203019, 150349097
263, 491388928, 486742500, 612035612, 125293112, 486712936, 343027, 335
264, 494206976, 491987956, 617281068, 125293112, 486712936, 112202989, 335
265, 494206976, 492009176, 617302288, 125293112, 486712936, 343313, 335
266, 499777536, 495111924, 622555944, 127444020, 495103512, 112203019, 150348937
267, 499777536, 495132648, 622576668, 127444020, 495103512, 339637, 335
268, 502595584, 500378104, 627822124, 127444020, 495103512, 112202989, 335
269, 502595584, 500398836, 627842856, 127444020, 495103512, 339304, 335
270, 508166144, 503502104, 633096512, 129594408, 503493692, 112203019, 150325520
271, 508166144, 503522884, 633117292, 129594408, 503493692, 339746, 335
272, 510984192, 508768340, 638362748, 129594408, 503493692, 112202989, 335
273, 510984192, 508789016, 638383424, 129594408, 503493692, 338843, 335
274, 516620288, 511892212, 643637080, 131744868, 511883800, 112203019, 150319354
275, 516620288, 511912952, 643657820, 131744868, 511883800, 339338, 335
276, 519372800, 517158408, 648903276, 131744868, 511883800, 112202989, 335
277, 519372800, 517179332, 648924200, 131744868, 511883800, 341521, 335
278, 525008896, 520282356, 654177856, 133895500, 520273944, 112203019, 150323108
279, 525008896, 520303176, 654198676, 133895500, 520273944, 340778, 335
280, 527761408, 525548632, 659444132, 133895500, 520273944, 112202989, 335
281, 527761408, 525569484, 659464984, 133895500, 520273944, 340742, 335
282, 533397504, 528672640, 664718640, 136046000, 528664228, 112203019, 150331384
283, 533397504, 528694072, 664740072, 136046000, 528664228, 346066, 335
284, 536150016, 533939528, 669985528, 136046000, 528664228, 112202989, 335
285, 536215552, 533960520, 670006520, 136046000, 528664228, 342145, 335
286, 541786112, 537063232, 675260176, 138196944, 537054820, 112203019, 150351581
287, 541786112, 537084232, 675281176, 138196944, 537054820, 342069, 335
288, 541786112, 537086824, 675283768, 138196944, 537054820, 6359, 335
289, 541786112, 537119804, 675316748, 138196944, 537054820, 434107, 335
290, 541786112, 537122760, 675319704, 138196944, 537054820, 12327, 335
291, 541786112, 537163728, 675360672, 138196944, 537054820, 700565, 335
292, 544604160, 542409224, 680606168, 138196944, 537054820, 112202989, 335
293, 544669696, 542430968, 680627912, 138196944, 537054820, 347900, 335
294, 550240256, 545459708, 685881568, 140421860, 545451296, 112203019, 150707415
295, 550240256, 545481532, 685903392, 140421860, 545451296, 348790, 335
296, 552927232, 550726988, 691148848, 140421860, 545451296, 112202989, 335
297, 552992768, 550748460, 691170320, 140421860, 545451296, 345363, 335
298, 558563328, 553850572, 696423976, 142573404, 553842160, 112203019, 150366197
299, 558563328, 553871660, 696445064, 142573404, 553842160, 342716, 335
300, 561315840, 559117116, 701690520, 142573404, 553842160, 112202989, 335
301, 561381376, 559138192, 701711596, 142573404, 553842160, 342375, 335
302, 566951936, 562241108, 706965252, 144724144, 562232696, 112203019, 150346861
303, 566951936, 562262192, 706986336, 144724144, 562232696, 342301, 335
304, 569704448, 567507648, 712231792, 144724144, 562232696, 112202989, 335
305, 569769984, 567528748, 712252892, 144724144, 562232696, 342196, 335
306, 575340544, 570631496, 717506548, 146875052, 570623084, 112203019, 150337150
307, 575340544, 570652628, 717527680, 146875052, 570623084, 342507, 335
308, 578093056, 575898084, 722773136, 146875052, 570623084, 112202989, 335
309, 578158592, 575918792, 722793844, 146875052, 570623084, 339345, 335
310, 583729152, 579021836, 728047500, 149025664, 579013424, 112203019, 150332074
311, 583729152, 579042648, 728068312, 149025664, 579013424, 340289, 335
312, 586481664, 584288104, 733313768, 149025664, 579013424, 112202989, 335
313, 586547200, 584309028, 733334692, 149025664, 579013424, 341703, 335
314, 592117760, 587412044, 738588348, 151176304, 587403632, 112203019, 150327550
315, 592117760, 587433000, 738609304, 151176304, 587403632, 341814, 335
316, 594870272, 592678456, 743854760, 151176304, 587403632, 112202989, 335
317, 594935808, 592699308, 743875612, 151176304, 587403632, 340780, 335
318, 600506368, 595802408, 749129268, 153326860, 595793996, 112203019, 150335485
319, 600506368, 595823848, 749150708, 153326860, 595793996, 346191, 335
320, 603324416, 601069304, 754396164, 153326860, 595793996, 112202989, 335
321, 603324416, 601090360, 754417220, 153326860, 595793996, 342394, 335
322, 608894976, 604192992, 759670876, 155477884, 604184580, 112203019, 150350981
323, 608894976, 604214064, 759691948, 155477884, 604184580, 342548, 335
324, 608894976, 604216656, 759694540, 155477884, 604184580, 6359, 335
325, 608894976, 604246996, 759724880, 155477884, 604184580, 408540, 335
326, 608894976, 604249952, 759727836, 155477884, 604184580, 12327, 335
327, 608894976, 604289588, 759767472, 155477884, 604184580, 687482, 335
328, 611778560, 609535084, 765012968, 155477884, 604184580, 112202989, 335
329, 611778560, 609556064, 765033948, 155477884, 604184580, 341486, 335
330, 617349120, 612588060, 770287604, 157699544, 612579648, 112203019, 150611267
331, 617349120, 612609444, 770308988, 157699544, 612579648, 345256, 335
332, 620101632, 617854900, 775554444, 157699544, 612579648, 112202989, 335
333, 620101632, 617875940, 775575484, 157699544, 612579648, 341874, 335
334, 625672192, 620978684, 780829140, 159850456, 620970272, 112203019, 150353181
335, 625672192, 620999764, 780850220, 159850456, 620970272, 342245, 335
336, 628490240, 626245220, 786095676, 159850456, 620970272, 112202989, 335
337, 628490240, 626266232, 786116688, 159850456, 620970272, 341692, 335
338, 634060800, 629369228, 791370344, 162001116, 629360816, 112203019, 150347941
339, 634060800, 629390240, 791391356, 162001116, 629360816, 341510, 335
340, 636878848, 634635696, 796636812, 162001116, 629360816, 112202989, 335
341, 636878848, 634656644, 796657760, 162001116, 629360816, 340799, 335
342, 642449408, 637759568, 801911416, 164151848, 637751156, 112203019, 150334080
343, 642449408, 637780524, 801932372, 164151848, 637751156, 341212, 335
344, 645267456, 643025980, 807177828, 164151848, 637751156, 112202989, 335
345, 645267456, 643047032, 807198880, 164151848, 637751156, 341762, 335
346, 650838016, 646149876, 812452536, 166302660, 646141464, 112203019, 150331973
347, 650838016, 646171040, 812473700, 166302660, 646141464, 342936, 335
348, 653656064, 651416496, 817719156, 166302660, 646141464, 112202989, 335
349, 653656064, 651437780, 817740440, 166302660, 646141464, 344080, 335
350, 659226624, 654540308, 822994096, 168453788, 654531896, 112203019, 150340301
351, 659226624, 654561624, 823015412, 168453788, 654531896, 344283, 335
352, 662044672, 659807080, 828260868, 168453788, 654531896, 112202989, 335
353, 662044672, 659828444, 828282232, 168453788, 654531896, 344682, 335
354, 667615232, 662930880, 833535888, 170605008, 662922468, 112203019, 150347160
355, 685899776, 662961016, 833566024, 170605008, 662931256, 349852, 335
356, 685899776, 668206472, 838811480, 170605008, 662931256, 112202959, 335
357, 685899776, 668228040, 838833048, 170605008, 662931256, 346329, 335
358, 685899776, 671330568, 844086704, 172756136, 671322156, 112202959, 150368253
359, 685899776, 671352136, 844108272, 172756136, 671322156, 346209, 335

