Step, Memory, Heap, Allocated, Reclaimed, Live, Mutator, Collector
0, 10289152, 661252, 7470828, 6809576, 661036, 118075060, 15270545
1, 12648448, 1320516, 15979916, 14659400, 1320300, 133324552, 30512479
2, 13500416, 1840516, 24141036, 22300520, 1840300, 128444948, 42659994
3, 16580608, 2639044, 34038092, 31399048, 2638828, 153476554, 60996702
4, 16646144, 3159044, 42719212, 39560168, 3158828, 133831692, 73132502
5, 17694720, 3679044, 51400332, 47721288, 3678828, 138338722, 85287827
6, 20774912, 4502596, 61795628, 57293032, 4502380, 163914368, 104180544
7, 22413312, 5276100, 72234444, 66958344, 5275884, 158315590, 121944558
8, 22478848, 5796100, 81435564, 75639464, 5795884, 140833912, 134086038
9, 23527424, 6316100, 90636684, 84320584, 6315884, 142110656, 146241363
10, 24510464, 6836100, 99837804, 93001704, 6835884, 145042190, 158391008
11, 25559040, 7356100, 109038924, 101682824, 7355884, 146917104, 170541363
12, 26607616, 7876100, 118240044, 110363944, 7875884, 148571598, 182691363
13, 31719424, 9003204, 130869516, 121866312, 9002988, 194537582, 208326797
14, 33423360, 10030212, 143066028, 133035816, 10029996, 186290692, 231701985
15, 33423360, 10550212, 152787148, 142236936, 10549996, 145622856, 243842755
16, 33554432, 11070212, 162508268, 151438056, 11069996, 147797336, 255993465
17, 34537472, 11590212, 172229388, 160639176, 11589996, 149152634, 268148080
18, 35586048, 12110212, 181950508, 169840296, 12109996, 149152412, 280298435
19, 36634624, 12630212, 191671628, 179041416, 12629996, 150349936, 292448435
20, 38666240, 12630212, 202872872, 190242660, 12629996, 1183382798, 292453760
21, 38666240, 12630212, 214074096, 201443884, 12629996, 1183382112, 292442755
22, 38666240, 12630212, 225275320, 212645108, 12629996, 1183382112, 292442755
23, 38666240, 12630212, 236476544, 223846332, 12629996, 1183382112, 292442755
24, 38666240, 12630212, 247677768, 235047556, 12629996, 1183382112, 292442755
25, 38666240, 12110212, 257079052, 244968840, 12629996, 139051387, 280292755
26, 38666240, 11590212, 266480172, 254889960, 12629996, 138562475, 268142755
27, 38666240, 11070212, 275881292, 264811080, 12629996, 138562475, 255992755
28, 38666240, 10550212, 285282412, 274732200, 12629996, 138009515, 243842755
29, 38666240, 10030212, 294683536, 284653324, 12629996, 137122253, 231692755
30, 38666240, 9003204, 305009204, 296006000, 12629996, 145712749, 208299107
31, 38666240, 7876100, 315530264, 307654164, 12629996, 149412363, 182685683
32, 38666240, 7356100, 325051388, 317695288, 12629996, 145802401, 170535683
33, 38666240, 6836100, 334272480, 327436380, 12629996, 139501285, 158385683
34, 38666240, 6316100, 343153604, 336837504, 12629996, 132361735, 146235683
35, 38666240, 6316100, 348754852, 342438752, 12629996, 562001792, 146235683
36, 38666240, 6316100, 354356008, 348039908, 12629996, 562001032, 146235683
37, 38666240, 6316100, 359957164, 353641064, 12629996, 562001032, 146235683
38, 38666240, 6316100, 365558320, 359242220, 12629996, 562001032, 146235683
39, 38666240, 6316100, 371159476, 364843376, 12629996, 562001032, 146235683
40, 38666240, 6836100, 380360692, 373524592, 12629996, 145042728, 158385683
41, 38666240, 7356100, 389561816, 382205716, 12629996, 146917326, 170535683
42, 38666240, 7876100, 398762940, 390886840, 12629996, 148571598, 182685683
43, 38666240, 9003204, 411392416, 402389212, 12629996, 194537212, 208299107
44, 38666240, 10030212, 423588932, 413558720, 12629996, 186290692, 231692755
45, 38666240, 10550212, 433310056, 422759844, 12629996, 145622708, 243842755
46, 38666240, 11070212, 443031180, 431960968, 12629996, 147797040, 255992755
47, 38666240, 11590212, 452752304, 441162092, 12629996, 149152634, 268142755
48, 38666240, 12110212, 462473428, 450363216, 12629996, 149152708, 280292755
49, 38666240, 12630212, 472194552, 459564340, 12629996, 150350158, 292442755
50, 203948032, 2056, 661330584, 661328528, 12629996, 2641931639, 30116
51, 203948032, 661252, 668799916, 668138664, 12629996, 118032000, 15266995
52, 203948032, 1320516, 677309004, 675988488, 12629996, 133318872, 30505379
53, 203948032, 1840516, 685470124, 683629608, 12629996, 128444948, 42655379
54, 203948032, 2639044, 695367180, 692728136, 12629996, 153474424, 60982147
55, 203948032, 3159044, 704048304, 700889260, 12629996, 133831618, 73132147
56, 203948032, 3679044, 712729428, 709050384, 12629996, 138338648, 85282147
57, 203948032, 4502596, 723124728, 718622132, 12629996, 163914738, 104163859
58, 203948032, 5276100, 733563548, 728287448, 12629996, 158316034, 121935683
59, 203948032, 5796100, 742764672, 736968572, 12629996, 140833838, 134085683
60, 203948032, 6316100, 751965796, 745649696, 12629996, 142110508, 146235683
61, 203948032, 6836100, 761166920, 754330820, 12629996, 145042116, 158385683
62, 203948032, 7356100, 770368044, 763011944, 12629996, 146917326, 170535683
63, 203948032, 7876100, 779569168, 771693068, 12629996, 148571598, 182685683
64, 203948032, 9003204, 792198644, 783195440, 12629996, 194537212, 208299107
65, 203948032, 10030212, 804395160, 794364948, 12629996, 186290692, 231692755
66, 203948032, 10550212, 814116284, 803566072, 12629996, 145622708, 243842755
67, 203948032, 11070212, 823837408, 812767196, 12629996, 147797040, 255992755
68, 203948032, 11590212, 833558532, 821968320, 12629996, 149152634, 268142755
69, 203948032, 12110212, 843279656, 831169444, 12629996, 149152708, 280292755
70, 203948032, 12630212, 853000780, 840370568, 12629996, 150350158, 292442755
71, 203948032, 12630212, 864202028, 851571816, 12629996, 1183382798, 292442755
72, 203948032, 12630212, 875403252, 862773040, 12629996, 1183382112, 292442755
73, 203948032, 12630212, 886604476, 873974264, 12629996, 1183382112, 292442755
74, 203948032, 12630212, 897805700, 885175488, 12629996, 1183382112, 292442755
75, 203948032, 12630212, 909006924, 896376712, 12629996, 1183382112, 292442755

