Step, Memory, Heap, Allocated, Reclaimed, Live, Mutator, Collector
0, 2883584, 689796, 689796, 0, 0, 58250988, 317
1, 4063232, 491888, 1385588, 893700, 491712, 63372528, 8987170
2, 4063232, 1185444, 2079144, 893700, 491712, 64174043, 317
3, 5242880, 984148, 2945872, 1961724, 983972, 69932414, 17973092
4, 5242880, 1922092, 3883816, 1961724, 983972, 71746708, 317
5, 6488064, 1474288, 4819612, 3345324, 1474112, 72157862, 26936763
6, 6488064, 2412236, 5757560, 3345324, 1474112, 72977449, 317
7, 7471104, 1964428, 6693356, 4728928, 1964252, 74701435, 35897514
8, 7471104, 2902376, 7631304, 4728928, 1964252, 75028220, 317
9, 7471104, 3842560, 8571488, 4728928, 1964252, 74729169, 317
10, 9633792, 2700156, 9505044, 6804888, 2699980, 74894756, 49352320
11, 9633792, 3640344, 10445232, 6804888, 2699980, 74935928, 317
12, 9633792, 4573904, 11378792, 6804888, 2699980, 74582503, 317
13, 11141120, 3436968, 12318980, 8882012, 3436792, 77145427, 62807850
14, 11141120, 4374916, 13256928, 8882012, 3436792, 77473766, 317
15, 11141120, 5310716, 14192728, 8882012, 3436792, 77865635, 317
16, 12582912, 4172696, 15130676, 10957980, 4172520, 77684640, 76255702
17, 12582912, 5108496, 16066476, 10957980, 4172520, 77549149, 317
18, 12582912, 6046444, 17004424, 10957980, 4172520, 77895278, 317
19, 12582912, 6986632, 17944612, 10957980, 4172520, 77596248, 317
20, 15269888, 5152976, 18878172, 13725196, 5152800, 77742744, 94187082
21, 15269888, 6093164, 19818360, 13725196, 5152800, 77802889, 317
22, 15269888, 7026724, 20751920, 13725196, 5152800, 77430491, 317
23, 15269888, 7966912, 21692108, 13725196, 5152800, 78009530, 317
24, 17235968, 6136460, 22632296, 16495836, 6136284, 77603736, 112139237
25, 17235968, 7070020, 23565856, 16495836, 6136284, 77730732, 317
26, 17235968, 8010208, 24506044, 16495836, 6136284, 78918686, 317
27, 17235968, 8943768, 25439604, 16495836, 6136284, 80278479, 317
28, 17235968, 9883956, 26379792, 16495836, 6136284, 80877195, 317
29, 20381696, 7362328, 27317740, 19955412, 7362152, 80348645, 134556250
30, 27656192, 7362328, 38090848, 30728520, 7362152, 1843704709, 134579308
31, 27656192, 7362328, 48863932, 41501604, 7362152, 1843704170, 134538682
32, 27656192, 7362328, 59637016, 52274688, 7362152, 1843704170, 134538682
33, 27656192, 7362328, 70410100, 63047772, 7362152, 1843704170, 134538682
34, 27656192, 7362328, 81183184, 73820856, 7362152, 1843704170, 134538682
35, 27656192, 7362328, 91956268, 84593940, 7362152, 1843704170, 134538682
36, 27656192, 7362328, 102729352, 95367024, 7362152, 1843704170, 134538682
37, 27656192, 7362328, 113502436, 106140108, 7362152, 1843704170, 134538682
38, 27656192, 7362328, 124275520, 116913192, 7362152, 1843704170, 134538682
39, 27656192, 7362328, 135048604, 127686276, 7362152, 1843704170, 134538682
40, 27656192, 7364460, 135050736, 127686276, 7362152, 44062, 317
41, 27656192, 8051880, 135738156, 127686276, 7362152, 58244247, 317
42, 27656192, 8747680, 136433956, 127686276, 7362152, 63368561, 317
43, 27656192, 9441240, 137127516, 127686276, 7362152, 64174043, 317
44, 27656192, 10307972, 137994248, 127686276, 7362152, 69931434, 317
45, 27656192, 11245920, 138932196, 127686276, 7362152, 71746649, 317
46, 27656192, 1474288, 139867996, 138393708, 7362152, 72157803, 26929809
47, 27656192, 2412236, 140805944, 138393708, 7362152, 72977449, 317
48, 27656192, 1964428, 141741744, 139777316, 7362152, 74701494, 35892024
49, 27656192, 2902376, 142679692, 139777316, 7362152, 75028220, 317
50, 27656192, 3842564, 143619880, 139777316, 7362152, 74729110, 317
51, 27656192, 2700156, 144553440, 141853284, 7362152, 74894756, 49340242
52, 27656192, 3640344, 145493628, 141853284, 7362152, 74935928, 317
53, 27656192, 4573904, 146427188, 141853284, 7362152, 74582503, 317
54, 27656192, 3436968, 147367376, 143930408, 7362152, 77145427, 62799432
55, 27656192, 4374916, 148305324, 143930408, 7362152, 77473766, 317
56, 27656192, 5310716, 149241124, 143930408, 7362152, 77865635, 317
57, 27656192, 4172696, 150179072, 146006376, 7362152, 77684640, 76247650
58, 27656192, 5108496, 151114872, 146006376, 7362152, 77549149, 317
59, 27656192, 6046444, 152052820, 146006376, 7362152, 77895278, 317
60, 27656192, 6986632, 152993008, 146006376, 7362152, 77596248, 317
61, 27656192, 5152976, 153926568, 148773592, 7362152, 77742744, 94172076
62, 27656192, 6093164, 154866756, 148773592, 7362152, 77802889, 317
63, 27656192, 7026724, 155800316, 148773592, 7362152, 77430491, 317
64, 27656192, 7966912, 156740504, 148773592, 7362152, 78009530, 317
65, 27656192, 6136460, 157680692, 151544232, 7362152, 77603736, 112128257
66, 27656192, 7070020, 158614252, 151544232, 7362152, 77730732, 317
67, 27656192, 8010208, 159554440, 151544232, 7362152, 78918686, 317
68, 27656192, 8943768, 160488000, 151544232, 7362152, 80278479, 317
69, 27656192, 9883956, 161428188, 151544232, 7362152, 80877195, 317
70, 27656192, 7362328, 162366136, 155003808, 7362152, 80348645, 134538682
71, 27656192, 8298128, 163301936, 155003808, 7362152, 80701240, 317
72, 27656192, 9236076, 164239884, 155003808, 7362152, 80559460, 317
73, 27656192, 10171876, 165175684, 155003808, 7362152, 80385049, 317
74, 27656192, 11109824, 166113632, 155003808, 7362152, 80770039, 317
75, 27656192, 12050012, 167053820, 155003808, 7362152, 80470697, 317
76, 27656192, 8832748, 167987380, 159154632, 8832572, 80579015, 161425323
77, 27656192, 9772936, 168927568, 159154632, 8832572, 80677456, 317
78, 27656192, 10706496, 169861128, 159154632, 8832572, 80266408, 317
79, 27656192, 11646684, 170801316, 159154632, 8832572, 80884038, 317
80, 27656192, 12584632, 171739264, 159154632, 8832572, 80355939, 317
81, 38928384, 9815148, 186103000, 176287852, 9814972, 2522618556, 179425058
82, 38928384, 9815148, 200466712, 190651564, 9814972, 2522609481, 179370524
83, 38928384, 9815148, 214830424, 205015276, 9814972, 2522609481, 179370524
84, 38928384, 9815148, 229194136, 219378988, 9814972, 2522609481, 179370524
85, 38928384, 9815148, 243557848, 233742700, 9814972, 2522609481, 179370524
86, 38928384, 9815148, 257921560, 248106412, 9814972, 2522609481, 179370524
87, 38928384, 9815148, 272285272, 262470124, 9814972, 2522609481, 179370524
88, 38928384, 9815148, 286648988, 276833840, 9814972, 2522609481, 179370524
89, 38928384, 9815148, 301012704, 291197556, 9814972, 2522609481, 179370524
90, 38928384, 9815148, 315376420, 305561272, 9814972, 2522609481, 179370524

