Step, Memory, Heap, Allocated, Reclaimed, Live, Mutator, Collector
0, 2883584, 690160, 690160, 0, 0, 49279126, 252
1, 4063232, 491916, 1387464, 895548, 491704, 53513015, 11149766
2, 4063232, 1186984, 2082532, 895548, 491704, 54160198, 252
3, 5242880, 984176, 2950772, 1966596, 983964, 59366976, 22297566
4, 5242880, 1923632, 3890228, 1966596, 983964, 61079036, 252
5, 6553600, 1474316, 4827536, 3353220, 1474104, 61433653, 33420555
6, 6553600, 2413776, 5766996, 3353220, 1474104, 62099180, 252
7, 7536640, 1964456, 6704304, 4739848, 1964244, 63525957, 44543256
8, 7536640, 2903916, 7643764, 4739848, 1964244, 63795700, 252
9, 7536640, 3845612, 8585460, 4739848, 1964244, 63537995, 252
10, 9699328, 2700184, 9520528, 6820344, 2699972, 63694298, 61233843
11, 9699328, 3641884, 10462228, 6820344, 2699972, 63712895, 252
12, 9699328, 4576956, 11397300, 6820344, 2699972, 63430034, 252
13, 11141120, 3436996, 12339000, 8902004, 3436784, 65540503, 77936704
14, 11141120, 4376456, 13278460, 8902004, 3436784, 65805108, 252
15, 11141120, 5313768, 14215772, 8902004, 3436784, 66143357, 252
16, 12648448, 4172724, 15155232, 10982508, 4172512, 65983440, 94626781
17, 12648448, 5110036, 16092544, 10982508, 4172512, 65875661, 252
18, 12648448, 6049496, 17032004, 10982508, 4172512, 66161772, 252
19, 12648448, 6991196, 17973704, 10982508, 4172512, 65903935, 252
20, 15269888, 5153004, 18908776, 13755772, 5152792, 66044134, 116872978
21, 15269888, 6094704, 19850476, 13755772, 5152792, 66078835, 252
22, 15269888, 7029776, 20785548, 13755772, 5152792, 65779870, 252
23, 15269888, 7971476, 21727248, 13755772, 5152792, 66253735, 252
24, 17235968, 6136488, 22668948, 16532460, 6136276, 65910271, 139156233
25, 17235968, 7071560, 23604020, 16532460, 6136276, 66033970, 252
26, 17235968, 8013260, 24545720, 16532460, 6136276, 66999671, 252
27, 17235968, 8948332, 25480792, 16532460, 6136276, 68129706, 252
28, 17235968, 9890032, 26422492, 16532460, 6136276, 68620071, 252
29, 20381696, 7362356, 27361952, 19999596, 7362144, 68177648, 166969659
30, 27721728, 7362356, 38136572, 30774216, 7362144, 1571113355, 166971579
31, 27721728, 7362356, 48911280, 41548924, 7362144, 1571112821, 166968219
32, 27721728, 7362356, 59685988, 52323632, 7362144, 1571112821, 166968219
33, 27721728, 7362356, 70460696, 63098340, 7362144, 1571112821, 166968219
34, 27721728, 7362356, 81235404, 73873048, 7362144, 1571112821, 166968219
35, 27721728, 7362356, 92010112, 84647756, 7362144, 1571112821, 166968219
36, 27721728, 7362356, 102784820, 95422464, 7362144, 1571112821, 166968219
37, 27721728, 7362356, 113559528, 106197172, 7362144, 1571112821, 166968219
38, 27721728, 7362356, 124334236, 116971880, 7362144, 1571112821, 166968219
39, 27721728, 7362356, 135108944, 127746588, 7362144, 1571112821, 166968219
40, 27721728, 7366112, 135112700, 127746588, 7362144, 30692, 252
41, 27721728, 8055044, 135801632, 127746588, 7362144, 49281183, 252
42, 27721728, 8752356, 136498944, 127746588, 7362144, 53512685, 252
43, 27721728, 9447428, 137194016, 127746588, 7362144, 54160198, 252
44, 27721728, 10315672, 138062260, 127746588, 7362144, 59366886, 252
45, 27721728, 11255132, 139001720, 127746588, 7362144, 61079036, 252
46, 27721728, 1474316, 139939032, 138464716, 7362144, 61433653, 33419955
47, 27721728, 2413776, 140878492, 138464716, 7362144, 62099180, 252
48, 27721728, 1964456, 141815804, 139851348, 7362144, 63525957, 44542806
49, 27721728, 2903916, 142755264, 139851348, 7362144, 63795700, 252
50, 27721728, 3845616, 143696964, 139851348, 7362144, 63537995, 252
51, 27721728, 2700184, 144632036, 141931852, 7362144, 63694298, 61232853
52, 27721728, 3641884, 145573736, 141931852, 7362144, 63712895, 252
53, 27721728, 4576956, 146508808, 141931852, 7362144, 63430034, 252
54, 27721728, 3436996, 147450508, 144013512, 7362144, 65540503, 77936044
55, 27721728, 4376456, 148389968, 144013512, 7362144, 65805108, 252
56, 27721728, 5313768, 149327280, 144013512, 7362144, 66143357, 252
57, 27721728, 4172724, 150266740, 146094016, 7362144, 65983440, 94626091
58, 27721728, 5110036, 151204052, 146094016, 7362144, 65875661, 252
59, 27721728, 6049496, 152143512, 146094016, 7362144, 66161772, 252
60, 27721728, 6991196, 153085212, 146094016, 7362144, 65903935, 252
61, 27721728, 5153004, 154020284, 148867280, 7362144, 66044134, 116871778
62, 27721728, 6094704, 154961984, 148867280, 7362144, 66078835, 252
63, 27721728, 7029776, 155897056, 148867280, 7362144, 65779870, 252
64, 27721728, 7971476, 156838756, 148867280, 7362144, 66253735, 252
65, 27721728, 6136488, 157780456, 151643968, 7362144, 65910271, 139155333
66, 27721728, 7071560, 158715528, 151643968, 7362144, 66033970, 252
67, 27721728, 8013260, 159657228, 151643968, 7362144, 66999671, 252
68, 27721728, 8948332, 160592300, 151643968, 7362144, 68129706, 252
69, 27721728, 9890032, 161534000, 151643968, 7362144, 68620071, 252
70, 27721728, 7362356, 162473460, 155111104, 7362144, 68177648, 166968219
71, 27721728, 8299668, 163410772, 155111104, 7362144, 68482765, 252
72, 27721728, 9239128, 164350232, 155111104, 7362144, 68355980, 252
73, 27721728, 10176440, 165287544, 155111104, 7362144, 68215069, 252
74, 27721728, 11115900, 166227004, 155111104, 7362144, 68534312, 252
75, 27721728, 12057600, 167168704, 155111104, 7362144, 68276211, 252
76, 27721728, 8832776, 168103776, 159271000, 8832564, 68383806, 200336757
77, 27721728, 9774476, 169045476, 159271000, 8832564, 68451111, 252
78, 27721728, 10709548, 169980548, 159271000, 8832564, 68119542, 252
79, 27721728, 11651248, 170922248, 159271000, 8832564, 68626011, 252
80, 27721728, 12590708, 171861708, 159271000, 8832564, 68183720, 252
81, 38993920, 9815176, 186226956, 176411780, 9814964, 2149035574, 222611656
82, 38993920, 9815176, 200592292, 190777116, 9814964, 2149034380, 222607156
83, 38993920, 9815176, 214957628, 205142452, 9814964, 2149034380, 222607156
84, 38993920, 9815176, 229322964, 219507788, 9814964, 2149034380, 222607156
85, 38993920, 9815176, 243688300, 233873124, 9814964, 2149034380, 222607156
86, 38993920, 9815176, 258053636, 248238460, 9814964, 2149034380, 222607156
87, 38993920, 9815176, 272418972, 262603796, 9814964, 2149034380, 222607156
88, 38993920, 9815176, 286784312, 276969136, 9814964, 2149034380, 222607156
89, 38993920, 9815176, 301149652, 291334476, 9814964, 2149034380, 222607156
90, 38993920, 9815176, 315514992, 305699816, 9814964, 2149034380, 222607156

