Step, Memory, Heap, Allocated, Reclaimed, Live, Mutator, Collector
0, 2228224, 14632, 14632, 0, 0, 21705, 359
1, 2228224, 30592, 30592, 0, 0, 273774, 359
2, 2228224, 32064, 32064, 0, 0, 24171, 359
3, 2228224, 47744, 47744, 0, 0, 430393, 359
4, 7471104, 5291756, 5291756, 0, 0, 196100703, 359
5, 7471104, 5300152, 5300152, 0, 0, 217930, 359
6, 13041664, 8405256, 10552328, 2147072, 8396840, 196100703, 159093018
7, 13041664, 8413732, 10560804, 2147072, 8396840, 220025, 359
8, 15859712, 13657712, 15804784, 2147072, 8396840, 196100438, 359
9, 15859712, 13666036, 15813108, 2147072, 8396840, 218781, 359
10, 21430272, 16794756, 21065288, 4270532, 16786340, 196100793, 158782091
11, 21430272, 16803152, 21073684, 4270532, 16786340, 220164, 359
12, 24248320, 22047132, 26317664, 4270532, 16786340, 196100438, 359
13, 24248320, 22055536, 26326068, 4270532, 16786340, 220546, 359
14, 29818880, 25184224, 31578248, 6394024, 25175808, 196100793, 158781302
15, 29818880, 25192692, 31586716, 6394024, 25175808, 221638, 359
16, 32636928, 30436672, 36830696, 6394024, 25175808, 196100438, 359
17, 32636928, 30444996, 36839020, 6394024, 25175808, 220456, 359
18, 38207488, 33573724, 42091200, 8517476, 33565308, 196100793, 158782210
19, 38207488, 33590248, 42107724, 8517476, 33573948, 221234, 359
20, 41025536, 38834228, 47351704, 8517476, 33573948, 196100438, 359
21, 41025536, 38843008, 47360484, 8517476, 33573948, 226890, 359
22, 46596096, 41972104, 52612664, 10640560, 41963688, 196100793, 158794364
23, 46596096, 41980632, 52621192, 10640560, 41963688, 222526, 359
24, 49414144, 47224612, 57865172, 10640560, 41963688, 196100438, 359
25, 49414144, 47233072, 57873632, 10640560, 41963688, 222306, 359
26, 54984704, 50361652, 63125812, 12764160, 50353236, 196100793, 158784240
27, 54984704, 50370192, 63134352, 12764160, 50353236, 223362, 359
28, 57802752, 55614172, 68378332, 12764160, 50353236, 196100438, 359
29, 57802752, 55622776, 68386936, 12764160, 50353236, 224004, 359
30, 63373312, 58751244, 73639116, 14887872, 58742828, 196100793, 158786356
31, 63373312, 58759920, 73647792, 14887872, 58742828, 224972, 359
32, 66191360, 64003900, 78891772, 14887872, 58742828, 196100438, 359
33, 66191360, 64012648, 78900520, 14887872, 58742828, 225758, 359
34, 71761920, 67140916, 84152700, 17011784, 67132500, 196100793, 158789313
35, 71761920, 67149744, 84161528, 17011784, 67132500, 226786, 359
36, 71761920, 67150860, 84162644, 17011784, 67132500, 17835, 359
37, 71761920, 67167556, 84179340, 17011784, 67132500, 287504, 359
38, 71761920, 67169036, 84180820, 17011784, 67132500, 24261, 359
39, 71761920, 67185452, 84197236, 17011784, 67132500, 440664, 359
40, 74645504, 72429472, 89441256, 17011784, 67132500, 196100438, 359
41, 74645504, 72438888, 89450672, 17011784, 67132500, 232603, 359
42, 80216064, 75533364, 94702852, 19169488, 75524948, 196100793, 158916428
43, 80216064, 75551052, 94720540, 19169488, 75533588, 233860, 359
44, 82968576, 80795032, 99964520, 19169488, 75533588, 196100438, 359
45, 83034112, 80803892, 99973380, 19169488, 75533588, 225540, 359
46, 88604672, 83932280, 105225560, 21293280, 83923864, 196100793, 158815757
47, 88604672, 83941220, 105234500, 21293280, 83923864, 226565, 359
48, 91357184, 89185200, 110478480, 21293280, 83923864, 196100438, 359
49, 91422720, 89194212, 110487492, 21293280, 83923864, 228021, 359
50, 96993280, 92322128, 115739672, 23417544, 92313712, 196100793, 158796307
51, 96993280, 92331068, 115748612, 23417544, 92313712, 227100, 359
52, 99745792, 97575048, 120992592, 23417544, 92313712, 196100438, 359
53, 99811328, 97583556, 121001100, 23417544, 92313712, 222877, 359
54, 105381888, 100711976, 126253280, 25541304, 100703560, 196100793, 158796169
55, 105381888, 100720556, 126261860, 25541304, 100703560, 223793, 359
56, 108134400, 105964536, 131505840, 25541304, 100703560, 196100438, 359
57, 108199936, 105973116, 131514420, 25541304, 100703560, 224703, 359
58, 113770496, 109101624, 136766600, 27664976, 109093208, 196100793, 158787975
59, 113770496, 109110268, 136775244, 27664976, 109093208, 224774, 359
60, 116523008, 114354248, 142019224, 27664976, 109093208, 196100438, 359
61, 116588544, 114362976, 142027952, 27664976, 109093208, 226138, 359
62, 122159104, 117491248, 147280132, 29788884, 117482832, 196100793, 158787238
63, 122159104, 117499840, 147288724, 29788884, 117482832, 224263, 359
64, 124977152, 122743820, 152532704, 29788884, 117482832, 196100438, 359
65, 124977152, 122752484, 152541368, 29788884, 117482832, 224931, 359
66, 130547712, 125880920, 157793548, 31912628, 125872504, 196100793, 158789801
67, 130547712, 125889968, 157802596, 31912628, 125872504, 231057, 359
68, 133365760, 131133948, 163046576, 31912628, 125872504, 196100438, 359
69, 133365760, 131143068, 163055696, 31912628, 125872504, 231330, 359
70, 138936320, 134271280, 168307876, 34036596, 134262864, 196100793, 158822267
71, 138936320, 134280088, 168316684, 34036596, 134262864, 226657, 359
72, 138936320, 134281204, 168317800, 34036596, 134262864, 17835, 359
73, 138936320, 134297612, 168334208, 34036596, 134262864, 288169, 359
74, 138936320, 134299092, 168335688, 34036596, 134262864, 24261, 359
75, 138936320, 134315220, 168351816, 34036596, 134262864, 439814, 359
76, 141754368, 139559240, 173595836, 34036596, 134262864, 196100438, 359
77, 141754368, 139568152, 173604748, 34036596, 134262864, 226426, 359
78, 147324928, 142663416, 178856928, 36193512, 142655000, 196100793, 158900939
79, 147324928, 142672212, 178865724, 36193512, 142655000, 226384, 359
80, 150142976, 147916192, 184109704, 36193512, 142655000, 196100438, 359
81, 150142976, 147925052, 184118564, 36193512, 142655000, 226390, 359
82, 155713536, 151053176, 189370744, 38317568, 151044760, 196100793, 158792210
83, 155713536, 151061872, 189379440, 38317568, 151044760, 224486, 359
84, 158531584, 156305852, 194623420, 38317568, 151044760, 196100438, 359
85, 158531584, 156314628, 194632196, 38317568, 151044760, 225003, 359
86, 164102144, 159442936, 199884376, 40441440, 159434520, 196100793, 158792995
87, 166658048, 159460316, 199901756, 40441440, 159443160, 231546, 359
88, 166920192, 164704296, 205145736, 40441440, 159443160, 196100438, 359
89, 166920192, 164713548, 205154988, 40441440, 159443160, 231946, 359
90, 172490752, 167842020, 210407168, 42565148, 167833604, 196100793, 158825514
91, 172490752, 167850788, 210415936, 42565148, 167833604, 225795, 359
92, 175308800, 173094768, 215659916, 42565148, 167833604, 196100438, 359
93, 175308800, 173103608, 215668756, 42565148, 167833604, 226500, 359
94, 180879360, 176231812, 220920936, 44689124, 176223396, 196100793, 158793709
95, 180879360, 176240732, 220929856, 44689124, 176223396, 227274, 359
96, 183697408, 181484712, 226173836, 44689124, 176223396, 196100438, 359
97, 183697408, 181493716, 226182840, 44689124, 176223396, 228379, 359
98, 189267968, 184621600, 231435020, 46813420, 184613184, 196100793, 158794023
99, 189267968, 184630460, 231443880, 46813420, 184613184, 227143, 359
100, 192086016, 189874440, 236687860, 46813420, 184613184, 196100438, 359
101, 192086016, 189883220, 236696640, 46813420, 184613184, 226054, 359
102, 197656576, 193011456, 241948820, 48937364, 193003040, 196100793, 158796720
103, 197656576, 193020092, 241957456, 48937364, 193003040, 224885, 359
104, 200474624, 198264072, 247201436, 48937364, 193003040, 196100438, 359
105, 200474624, 198272780, 247210144, 48937364, 193003040, 224887, 359
106, 206045184, 201401192, 252462324, 51061132, 201392776, 196100793, 158791569
107, 206045184, 201409908, 252471040, 51061132, 201392776, 225450, 359
108, 206045184, 201411024, 252472156, 51061132, 201392776, 17835, 359
109, 206045184, 201427504, 252488636, 51061132, 201392776, 291525, 359
110, 206045184, 201428984, 252490116, 51061132, 201392776, 24261, 359
111, 206045184, 201445184, 252506316, 51061132, 201392776, 441601, 359
112, 208863232, 206689204, 257750336, 51061132, 201392776, 196100438, 359
113, 208928768, 206698124, 257759256, 51061132, 201392776, 227399, 359
114, 214499328, 209793332, 263011436, 53218104, 209784916, 196100793, 158901490
115, 214499328, 209802316, 263020420, 53218104, 209784916, 227907, 359
116, 217251840, 215046296, 268264400, 53218104, 209784916, 196100438, 359
117, 217251840, 215055064, 268273168, 53218104, 209784916, 225786, 359
118, 222822400, 218183244, 273525348, 55342104, 218174828, 196100793, 158798343
119, 222822400, 218192084, 273534188, 55342104, 218174828, 226671, 359
120, 225640448, 223436068, 278778172, 55342104, 218174828, 196100438, 359
121, 225640448, 223444916, 278787020, 55342104, 218174828, 226351, 359
122, 231211008, 226573084, 284039204, 57466120, 226564668, 196100793, 158796081
123, 231211008, 226582004, 284048124, 57466120, 226564668, 227096, 359
124, 234029056, 231825988, 289292108, 57466120, 226564668, 196100438, 359
125, 234029056, 231834972, 289301092, 57466120, 226564668, 227739, 359
126, 239599616, 234962956, 294553276, 59590320, 234954540, 196100793, 158797110
127, 239599616, 234971868, 294562188, 59590320, 234954540, 227841, 359
128, 242417664, 240215852, 299806172, 59590320, 234954540, 196100438, 359
129, 242417664, 240225156, 299815476, 59590320, 234954540, 232942, 359
130, 247988224, 243353160, 305067660, 61714500, 243344744, 196100793, 158812784
131, 247988224, 243362152, 305076652, 61714500, 243344744, 228633, 359
132, 250806272, 248606136, 310320636, 61714500, 243344744, 196100438, 359
133, 250806272, 248615596, 310330096, 61714500, 243344744, 234560, 359
134, 256376832, 251743280, 315582280, 63839000, 251734864, 196100793, 158809452
135, 256376832, 251752276, 315591276, 63839000, 251734864, 229030, 359
136, 259194880, 256996260, 320835260, 63839000, 251734864, 196100438, 359
137, 259194880, 257005336, 320844336, 63839000, 251734864, 229527, 359
138, 264765440, 260133224, 326096520, 65963296, 260124808, 196100793, 158800407
139, 264765440, 260142372, 326105668, 65963296, 260124808, 230017, 359
140, 267583488, 265386356, 331349652, 65963296, 260124808, 196100438, 359
141, 267583488, 265395352, 331358648, 65963296, 260124808, 228360, 359
142, 273154048, 268523240, 336610832, 68087592, 268514824, 196100793, 158802754
143, 273154048, 268532320, 336619912, 68087592, 268514824, 229871, 359
144, 273154048, 268533440, 336621032, 68087592, 268514824, 17835, 359
145, 273154048, 268550204, 336637796, 68087592, 268514824, 296995, 359
146, 273154048, 268551688, 336639280, 68087592, 268514824, 24261, 359
147, 273154048, 268568100, 336655692, 68087592, 268514824, 445323, 359
148, 276037632, 273812124, 341899716, 68087592, 268514824, 196100438, 359
149, 276037632, 273821700, 341909292, 68087592, 268514824, 235201, 359
150, 281608192, 276915900, 347161476, 70245576, 276907484, 196100793, 158924591
151, 281608192, 276925840, 347171416, 70245576, 276907484, 240670, 359
152, 284360704, 282169824, 352415400, 70245576, 276907484, 196100438, 359
153, 284360704, 282179836, 352425412, 70245576, 276907484, 241106, 359
154, 289931264, 285306652, 357677596, 72370944, 285298236, 196100793, 158837177
155, 289931264, 285316000, 357686944, 72370944, 285298236, 231851, 359
156, 292749312, 290559984, 362930928, 72370944, 285298236, 196100438, 359
157, 292749312, 290569340, 362940284, 72370944, 285298236, 231861, 359
158, 298319872, 293696772, 368192468, 74495696, 293688356, 196100793, 158806469
159, 298319872, 293706576, 368202272, 74495696, 293688356, 237793, 359
160, 301137920, 298950560, 373446256, 74495696, 293688356, 196100438, 359
161, 301137920, 298960220, 373455916, 74495696, 293688356, 236301, 359
162, 306708480, 302087572, 378708100, 76620528, 302079156, 196100793, 158838751
163, 306708480, 302096116, 378716644, 76620528, 302079156, 222835, 359
164, 309526528, 307340100, 383960628, 76620528, 302079156, 196100438, 359
165, 309526528, 307348716, 383969244, 76620528, 302079156, 222649, 359
166, 315097088, 310477284, 389221428, 78744144, 310468868, 196100793, 158790633
167, 315097088, 310485972, 389230116, 78744144, 310468868, 223295, 359
168, 317915136, 315729956, 394474100, 78744144, 310468868, 196100438, 359
169, 317915136, 315738780, 394482924, 78744144, 310468868, 226432, 359
170, 323485696, 318867016, 399735108, 80868092, 318858600, 196100793, 158792037
171, 323485696, 318875904, 399743996, 80868092, 318858600, 227247, 359
172, 326303744, 324119888, 404987980, 80868092, 318858600, 196100438, 359
173, 326303744, 324129192, 404997284, 80868092, 318858600, 234833, 359
174, 331874304, 327257264, 410249468, 82992204, 327248848, 196100793, 158814923
175, 339673088, 327274496, 410266700, 82992204, 327257492, 230924, 359
176, 339673088, 332518480, 415510684, 82992204, 327257492, 196100083, 359
177, 339673088, 332527244, 415519448, 82992204, 327257492, 226325, 359
178, 340328448, 335656032, 420771632, 85115600, 335647616, 196100438, 158809785
179, 340328448, 335664724, 420780324, 85115600, 335647616, 225374, 359
180, 340328448, 335665844, 420781444, 85115600, 335647616, 17835, 359
181, 340328448, 335682184, 420797784, 85115600, 335647616, 295867, 359
182, 340328448, 335683668, 420799268, 85115600, 335647616, 24261, 359
183, 340328448, 335699688, 420815288, 85115600, 335647616, 443685, 359
184, 343146496, 340943712, 426059312, 85115600, 335647616, 196100438, 359
185, 343146496, 340952516, 426068116, 85115600, 335647616, 225835, 359
186, 348717056, 344048224, 431320300, 87272076, 344039808, 196100793, 158903003
187, 348717056, 344057100, 431329176, 87272076, 344039808, 227042, 359
188, 351469568, 349301084, 436573160, 87272076, 344039808, 196100438, 359
189, 351535104, 349310032, 436582108, 87272076, 344039808, 227832, 359
190, 357105664, 352438160, 441834292, 89396132, 352429744, 196100793, 158799715
191, 357105664, 352447512, 441843644, 89396132, 352429744, 233611, 359
192, 359923712, 357691496, 447087628, 89396132, 352429744, 196100438, 359
193, 359923712, 357700544, 447096676, 89396132, 352429744, 229017, 359
194, 365494272, 360828436, 452348860, 91520424, 360820020, 196100793, 158816006
195, 365494272, 360837556, 452357980, 91520424, 360820020, 229352, 359
196, 368312320, 366081540, 457601964, 91520424, 360820020, 196100438, 359
197, 368312320, 366090724, 457611148, 91520424, 360820020, 228868, 359
198, 373882880, 369218460, 462863332, 93644872, 369210044, 196100793, 158802560
199, 373882880, 369227364, 462872236, 93644872, 369210044, 226270, 359
200, 376700928, 374471348, 468116220, 93644872, 369210044, 196100438, 359
201, 376700928, 374480324, 468125196, 93644872, 369210044, 226236, 359
202, 382271488, 377608372, 473377380, 95769008, 377599956, 196100793, 158798993
203, 382271488, 377617420, 473386428, 95769008, 377599956, 226772, 359
204, 385089536, 382861404, 478630412, 95769008, 377599956, 196100438, 359
205, 385089536, 382870444, 478639452, 95769008, 377599956, 229043, 359
206, 390660096, 385998304, 483891636, 97893332, 385989888, 196100793, 158799837
207, 390660096, 386007408, 483900740, 97893332, 385989888, 229425, 359
208, 393478144, 391251392, 489144724, 97893332, 385989888, 196100438, 359
209, 393478144, 391260576, 489153908, 97893332, 385989888, 229697, 359
210, 399048704, 394388392, 494406092, 100017700, 394379976, 196100793, 158805589
211, 399048704, 394397764, 494415464, 100017700, 394379976, 234579, 359
212, 401866752, 399641748, 499659448, 100017700, 394379976, 196100438, 359
213, 401866752, 399650440, 499668140, 100017700, 394379976, 225875, 359
214, 407437312, 402778684, 504920324, 102141640, 402770268, 196100793, 158816607
215, 407437312, 402787456, 504929096, 102141640, 402770268, 226202, 359
216, 407437312, 402788576, 504930216, 102141640, 402770268, 17835, 359
217, 407437312, 402805052, 504946692, 102141640, 402770268, 300074, 359
218, 407437312, 402806536, 504948176, 102141640, 402770268, 24261, 359
219, 407437312, 402822748, 504964388, 102141640, 402770268, 446941, 359
220, 410255360, 408066772, 510208412, 102141640, 402770268, 196100438, 359
221, 410255360, 408075800, 510217440, 102141640, 402770268, 228278, 359
222, 415825920, 411170940, 515469624, 104298684, 411162524, 196100793, 158906232
223, 415825920, 411179744, 515478428, 104298684, 411162524, 226749, 359
224, 418643968, 416423728, 520722412, 104298684, 411162524, 196100438, 359
225, 418643968, 416432604, 520731288, 104298684, 411162524, 227147, 359
226, 424214528, 419560836, 525983472, 106422636, 419552420, 196100793, 158798135
227, 424214528, 419569792, 525992428, 106422636, 419552420, 228257, 359
228, 427032576, 424813776, 531236412, 106422636, 419552420, 196100438, 359
229, 427032576, 424822752, 531245388, 106422636, 419552420, 228256, 359
230, 432603136, 427950784, 536497572, 108546788, 427942368, 196100793, 158799786
231, 432603136, 427959832, 536506620, 108546788, 427942368, 228701, 359
232, 435421184, 433203816, 541750604, 108546788, 427942368, 196100438, 359
233, 435421184, 433212712, 541759500, 108546788, 427942368, 226273, 359
234, 440991744, 436340768, 547011684, 110670916, 436332352, 196100793, 158801522
235, 440991744, 436349744, 547020660, 110670916, 436332352, 226951, 359
236, 443809792, 441593728, 552264644, 110670916, 436332352, 196100438, 359
237, 443809792, 441602768, 552273684, 110670916, 436332352, 226891, 359
238, 449380352, 444730712, 557525868, 112795156, 444722296, 196100793, 158800052
239, 449380352, 444739832, 557534988, 112795156, 444722296, 227186, 359
240, 452198400, 449983816, 562778972, 112795156, 444722296, 196100438, 359
241, 452198400, 449992424, 562787580, 112795156, 444722296, 224561, 359
242, 457768960, 453120684, 568039764, 114919080, 453112268, 196100793, 158800503
243, 457768960, 453129364, 568048444, 114919080, 453112268, 225130, 359
244, 460587008, 458373348, 573292428, 114919080, 453112268, 196100438, 359
245, 460587008, 458382100, 573301180, 114919080, 453112268, 225179, 359
246, 466157568, 461510532, 578553364, 117042832, 461502116, 196100793, 158796883
247, 466157568, 461519608, 578562440, 117042832, 461502116, 231461, 359
248, 468975616, 466763592, 583806424, 117042832, 461502116, 196100438, 359
249, 468975616, 466772364, 583815196, 117042832, 461502116, 226435, 359
250, 474546176, 469900672, 589067380, 119166708, 469892256, 196100793, 158811008
251, 474546176, 469909508, 589076216, 119166708, 469892256, 226425, 359
252, 474546176, 469910628, 589077336, 119166708, 469892256, 17835, 359
253, 474546176, 469927328, 589094036, 119166708, 469892256, 304848, 359
254, 474546176, 469928812, 589095520, 119166708, 469892256, 24261, 359
255, 474546176, 469944816, 589111524, 119166708, 469892256, 446820, 359
256, 477364224, 475188840, 594355548, 119166708, 469892256, 196100438, 359
257, 477429760, 475197572, 594364280, 119166708, 469892256, 226099, 359
258, 483000320, 478293016, 599616464, 121323448, 478284600, 196100793, 158908235
259, 483000320, 478301820, 599625268, 121323448, 478284600, 226906, 359
260, 485752832, 483545804, 604869252, 121323448, 478284600, 196100438, 359
261, 485752832, 483554680, 604878128, 121323448, 478284600, 227341, 359
262, 491323392, 486682912, 610130312, 123447400, 486674496, 196100793, 158798151
263, 491323392, 486691860, 610139260, 123447400, 486674496, 227957, 359
264, 494141440, 491935844, 615383244, 123447400, 486674496, 196100438, 359
265, 494141440, 491944812, 615392212, 123447400, 486674496, 227992, 359
266, 499712000, 495072852, 620644396, 125571544, 495064436, 196100793, 158799604
267, 499712000, 495081388, 620652932, 125571544, 495064436, 223555, 359
268, 502530048, 500325372, 625896916, 125571544, 495064436, 196100438, 359
269, 502530048, 500333980, 625905524, 125571544, 495064436, 223206, 359
270, 508100608, 503462556, 631157708, 127695152, 503454140, 196100793, 158790629
271, 508100608, 503471244, 631166396, 127695152, 503454140, 223965, 359
272, 510918656, 508715228, 636410380, 127695152, 503454140, 196100438, 359
273, 510918656, 508723844, 636418996, 127695152, 503454140, 222796, 359
274, 516489216, 511852348, 641671180, 129818832, 511843932, 196100793, 158794345
275, 516489216, 511861028, 641679860, 129818832, 511843932, 223383, 359
276, 519307264, 517105012, 646923844, 129818832, 511843932, 196100438, 359
277, 519307264, 517113764, 646932596, 129818832, 511843932, 226056, 359
278, 524877824, 520242080, 652184780, 131942700, 520233664, 196100793, 158791627
279, 524877824, 520250760, 652193460, 131942700, 520233664, 225290, 359
280, 527695872, 525494744, 657437444, 131942700, 520233664, 196100438, 359
281, 527695872, 525503488, 657446188, 131942700, 520233664, 225149, 359
282, 533266432, 528631920, 662698372, 134066452, 528623504, 196100793, 158796318
283, 533266432, 528641068, 662707520, 134066452, 528623504, 232069, 359
284, 536084480, 533885052, 667951504, 134066452, 528623504, 196100438, 359
285, 536084480, 533893824, 667960276, 134066452, 528623504, 226446, 359
286, 541655040, 537022100, 673212460, 136190360, 537013684, 196100793, 158812530
287, 541655040, 537030944, 673221304, 136190360, 537013684, 226628, 359
288, 541655040, 537032064, 673222424, 136190360, 537013684, 17835, 359
289, 541655040, 537051212, 673241572, 136190360, 537013684, 339447, 359
290, 541655040, 537052696, 673243056, 136190360, 537013684, 24261, 359
291, 541655040, 537070372, 673260732, 136190360, 537013684, 468007, 359
292, 544538624, 542314396, 678504756, 136190360, 537013684, 196100438, 359
293, 544538624, 542323872, 678514232, 136190360, 537013684, 234251, 359
294, 550109184, 545417772, 683766416, 138348644, 545409356, 196100793, 159066993
295, 550109184, 545427328, 683775972, 138348644, 545409356, 235672, 359
296, 552861696, 550671312, 689019956, 138348644, 545409356, 196100438, 359
297, 552861696, 550680548, 689029192, 138348644, 545409356, 230791, 359
298, 558432256, 553808192, 694281376, 140473184, 553799776, 196100793, 158821487
299, 558432256, 553817076, 694290260, 140473184, 553799776, 227654, 359
300, 561250304, 559061060, 699534244, 140473184, 553799776, 196100438, 359
301, 561250304, 559069884, 699543068, 140473184, 553799776, 226744, 359
302, 566820864, 562198092, 704795252, 142597160, 562189676, 196100793, 158798155
303, 566820864, 562206988, 704804148, 142597160, 562189676, 227073, 359
304, 569638912, 567450972, 710048132, 142597160, 562189676, 196100438, 359
305, 569638912, 567459948, 710057108, 142597160, 562189676, 226949, 359
306, 575209472, 570588004, 715309292, 144721288, 570579588, 196100793, 158798993
307, 575209472, 570597044, 715318332, 144721288, 570579588, 227421, 359
308, 578027520, 575841028, 720562316, 144721288, 570579588, 196100438, 359
309, 578027520, 575849644, 720570932, 144721288, 570579588, 223310, 359
310, 583598080, 578977996, 725823116, 146845120, 578969580, 196100793, 158801955
311, 583598080, 578986684, 725831804, 146845120, 578969580, 224246, 359
312, 586416128, 584230668, 731075788, 146845120, 578969580, 196100438, 359
313, 586416128, 584239420, 731084540, 146845120, 578969580, 225907, 359
314, 591986688, 587367728, 736336724, 148968996, 587359312, 196100793, 158791827
315, 591986688, 587376544, 736345540, 148968996, 587359312, 226464, 359
316, 594804736, 592620528, 741589524, 148968996, 587359312, 196100438, 359
317, 594804736, 592629272, 741598268, 148968996, 587359312, 225291, 359
318, 600375296, 595757648, 746850452, 151092804, 595749232, 196100793, 158799307
319, 600375296, 595766804, 746859608, 151092804, 595749232, 232198, 359
320, 603193344, 601010788, 752103592, 151092804, 595749232, 196100438, 359
321, 603193344, 601019624, 752112428, 151092804, 595749232, 226823, 359
322, 608763904, 604147820, 757364612, 153216792, 604139404, 196100793, 158812013
323, 608763904, 604156736, 757373528, 153216792, 604139404, 227232, 359
324, 608763904, 604157856, 757374648, 153216792, 604139404, 17835, 359
325, 608763904, 604175228, 757392020, 153216792, 604139404, 306761, 359
326, 608763904, 604176712, 757393504, 153216792, 604139404, 24261, 359
327, 608763904, 604193424, 757410216, 153216792, 604139404, 450472, 359
328, 611647488, 609437448, 762654240, 153216792, 604139404, 196100438, 359
329, 611647488, 609446304, 762663096, 153216792, 604139404, 226154, 359
330, 617218048, 612540740, 767915280, 155374540, 612532324, 196100793, 158931787
331, 617218048, 612549856, 767924396, 155374540, 612532324, 231255, 359
332, 619970560, 617793840, 773168380, 155374540, 612532324, 196100438, 359
333, 619970560, 617802644, 773177184, 155374540, 612532324, 226436, 359
334, 625606656, 620930920, 778429368, 157498448, 620922504, 196100793, 158811894
335, 625606656, 620939796, 778438244, 157498448, 620922504, 227064, 359
336, 628359168, 626183780, 783682228, 157498448, 620922504, 196100438, 359
337, 628424704, 626192540, 783690988, 157498448, 620922504, 226311, 359
338, 633995264, 629320828, 788943172, 159622344, 629312412, 196100793, 158798860
339, 633995264, 629329652, 788951996, 159622344, 629312412, 226151, 359
340, 636747776, 634573636, 794195980, 159622344, 629312412, 196100438, 359
341, 636813312, 634582460, 794204804, 159622344, 629312412, 225693, 359
342, 642383872, 637710692, 799456988, 161746296, 637702276, 196100793, 158796785
343, 642383872, 637719524, 799465820, 161746296, 637702276, 225778, 359
344, 645136384, 642963508, 804709804, 161746296, 637702276, 196100438, 359
345, 645201920, 642972404, 804718700, 161746296, 637702276, 226693, 359
346, 650772480, 646100556, 809970884, 163870328, 646092140, 196100793, 158796712
347, 650772480, 646109532, 809979860, 163870328, 646092140, 228039, 359
348, 653524992, 651353516, 815223844, 163870328, 646092140, 196100438, 359
349, 653590528, 651362628, 815232956, 163870328, 646092140, 229899, 359
350, 659161088, 654490448, 820485140, 165994692, 654482032, 196100793, 158798297
351, 659161088, 654499624, 820494316, 165994692, 654482032, 230183, 359
352, 661913600, 659743608, 825738300, 165994692, 654482032, 196100438, 359
353, 661979136, 659752864, 825747556, 165994692, 654482032, 230778, 359
354, 667549696, 662880576, 830999740, 168119164, 662872160, 196100793, 158807685
355, 685768704, 662898428, 831017592, 168119164, 662880804, 237053, 359
356, 685768704, 668142412, 836261576, 168119164, 662880804, 196100083, 359
357, 685768704, 668151760, 836270924, 168119164, 662880804, 231966, 359
358, 685768704, 671279708, 841523108, 170243400, 671271292, 196100083, 158824242
359, 685768704, 671289120, 841532520, 170243400, 671271292, 232161, 359

